CTD-bamfield-project/processed/bam221002.cnv
* Sea-Bird SBE25 Data File:
* FileName = C:\Users\Winkler\Documents\CTD data\Bamfield 2022\hex\bam221002.hex
* Software Version 1.59
* Temperature SN = 4194
* Conductivity SN = 2155
* System UpLoad Time = Feb 22 2022 16:36:13
** Station: TC4
** Depth: 81.9 m
** Latitude: 48 51.750 N
** Longitude: 125 09.144 W
** PDT (Time): Feb 22 2022 11:29
** Cruise: Bamfield 2022 Day 3 Chemistry
# nquan = 16
# nvalues = 120                         
# units = specified
# name 0 = scan: Scan Count
# name 1 = prSM: Pressure, Strain Gauge [db]
# name 2 = t090C: Temperature [ITS-90, deg C]
# name 3 = c0mS/cm: Conductivity [mS/cm]
# name 4 = sbeox0V: Oxygen raw, SBE 43 [V]
# name 5 = wetStar: Fluorescence, WET Labs WETstar [mg/m^3]
# name 6 = xmiss: Beam Transmission, Chelsea/Seatech [%]
# name 7 = par: PAR/Irradiance, Biospherical/Licor
# name 8 = sal00: Salinity, Practical [PSU]
# name 9 = sigma-é00: Density [sigma-theta, kg/m^3]
# name 10 = sbeox0ML/L: Oxygen, SBE 43 [ml/l], WS = 2
# name 11 = gsw_srA0: Reference Salinity [g/kg]
# name 12 = gsw_ctA0: Conservative Temperature [ITS-90, deg C]
# name 13 = gsw_sigma0A0: density, TEOS-10 [sigma-0, kg/m^3 ]
# name 14 = nbin: number of scans per bin
# name 15 = flag: flag
# span 0 =        563,       1133       
# span 1 =      1.500,     61.000       
# span 2 =     8.7348,     9.3644       
# span 3 =  31.381822,  34.524830       
# span 4 =     1.5895,     2.1292       
# span 5 =     1.1227,     4.6475       
# span 6 =    89.8480,    94.4595       
# span 7 = 1.0000e-12, 8.2203e+02       
# span 8 =    29.2433,    32.1026       
# span 9 =    22.6531,    24.8416       
# span 10 =     3.5556,     5.3787      
# span 11 =    29.3811,    32.2539      
# span 12 =     8.8193,     9.4064      
# span 13 =    22.6573,    24.8462      
# span 14 =          1,        105      
# span 15 = 0.0000e+00, 0.0000e+00      
# interval = decibars: 0.5              
# start_time = Feb 22 2022 12:25:57 [Instrument's time stamp, header]
# bad_flag = -9.990e-29
*END*
        563      1.500     8.7396  31.396242     2.1292     2.3136    92.1775 8.2203e+02    29.2544    22.6611     5.3787    29.3923     8.8240    22.6653        105 0.0000e+00
        607      2.000     8.7348  31.381822     2.1280     2.3225    92.2584 6.5777e+02    29.2433    22.6531     5.3731    29.3811     8.8193    22.6573          5 0.0000e+00
        612      2.500     8.7528  31.475095     2.1210     2.5052    92.1794 5.3136e+02    29.3242    22.7138     5.3448    29.4625     8.8361    22.7181          4 0.0000e+00
        617      3.000     8.7749  31.592408     2.1136     2.5827    92.2726 5.4368e+02    29.4266    22.7907     5.3145    29.5654     8.8566    22.7950          4 0.0000e+00
        621      3.500     8.8215  31.792319     2.1055     2.8559    92.1998 4.4033e+02    29.5936    22.9145     5.2769    29.7331     8.9008    22.9188          5 0.0000e+00
        625      4.000     8.8240  31.811639     2.0981     2.8975    92.2394 4.4795e+02    29.6111    22.9278     5.2517    29.7508     8.9030    22.9322          4 0.0000e+00
        630      4.500     8.8476  31.937418     2.0880     3.0717    92.2849 3.7617e+02    29.7207    23.0101     5.2119    29.8609     8.9249    23.0144          5 0.0000e+00
        635      5.000     8.8697  32.031570     2.0768     3.0843    92.3502 3.2388e+02    29.7989    23.0680     5.1710    29.9394     8.9459    23.0723          4 0.0000e+00
        639      5.500     8.8962  32.228352     2.0693     3.4171    92.3632 2.9727e+02    29.9789    23.2048     5.1393    30.1203     8.9696    23.2093          4 0.0000e+00
        643      6.000     8.9111  32.287648     2.0634     3.5903    92.3627 2.4470e+02    30.0273    23.2404     5.1182    30.1689     8.9837    23.2449          5 0.0000e+00
        647      6.500     8.9202  32.348267     2.0587     3.5595    92.3495 2.4630e+02    30.0817    23.2817     5.1010    30.2236     8.9920    23.2861          4 0.0000e+00
        651      7.000     8.9185  32.346337     2.0541     3.3965    92.4015 1.9409e+02    30.0810    23.2814     5.0864    30.2229     8.9902    23.2858          4 0.0000e+00
        656      7.500     8.9217  32.381477     2.0486     3.6373    92.4377 1.8493e+02    30.1143    23.3069     5.0682    30.2563     8.9928    23.3113          5 0.0000e+00
        660      8.000     8.9312  32.493480     2.0450     3.8299    92.5016 1.6923e+02    30.2213    23.3892     5.0527    30.3639     9.0006    23.3936          4 0.0000e+00
        665      8.500     8.9346  32.514937     2.0420     3.7272    92.5656 1.3376e+02    30.2403    23.4035     5.0431    30.3829     9.0037    23.4079          4 0.0000e+00
        669      9.000     8.9356  32.526119     2.0402     4.1164    92.5366 1.3542e+02    30.2508    23.4116     5.0369    30.3934     9.0044    23.4160          4 0.0000e+00
        672      9.500     8.9361  32.543461     2.0370     4.4404    92.4724 1.2744e+02    30.2680    23.4250     5.0260    30.4107     9.0046    23.4294          4 0.0000e+00
        676     10.000     8.9379  32.584062     2.0350     4.3509    92.5713 1.1487e+02    30.3081    23.4561     5.0180    30.4510     9.0057    23.4604          3 0.0000e+00
        679     10.500     8.9419  32.640942     2.0314     4.6475    92.5588 1.0237e+02    30.3631    23.4985     5.0035    30.5062     9.0088    23.5029          3 0.0000e+00
        683     11.000     8.9458  32.673439     2.0265     4.2997    92.6002 9.3796e+01    30.3930    23.5212     4.9838    30.5363     9.0122    23.5257          4 0.0000e+00
        686     11.500     8.9469  32.711764     2.0151     4.1968    92.5665 8.3502e+01    30.4313    23.5510     4.9391    30.5747     9.0126    23.5555          3 0.0000e+00
        690     12.000     8.9564  32.840471     1.9938     3.5743    92.5777 7.6027e+01    30.5556    23.6469     4.8613    30.6997     9.0201    23.6513          4 0.0000e+00
        693     12.500     8.9877  33.077170     1.9658     2.9852    92.6764 6.7055e+01    30.7724    23.8117     4.7611    30.9175     9.0479    23.8162          4 0.0000e+00
        697     13.000     9.0754  33.620968     1.9413     2.5839    92.7040 6.2011e+01    31.2562    24.1767     4.6594    31.4036     9.1279    24.1813          3 0.0000e+00
        701     13.500     9.1620  33.910714     1.9183     2.5087    92.7192 5.9621e+01    31.4784    24.3370     4.5711    31.6268     9.2111    24.3418          4 0.0000e+00
        704     14.000     9.1683  33.933091     1.8969     2.2018    92.8935 5.3889e+01    31.4956    24.3495     4.5046    31.6441     9.2172    24.3543          4 0.0000e+00
        708     14.500     9.1806  33.992227     1.8793     1.9576    93.1551 5.0580e+01    31.5454    24.3866     4.4489    31.6942     9.2286    24.3914          3 0.0000e+00
        711     15.000     9.2075  34.074907     1.8662     1.9267    93.3743 4.5971e+01    31.6064    24.4301     4.4050    31.7555     9.2545    24.4349          3 0.0000e+00
        714     15.500     9.2255  34.106990     1.8555     1.7781    93.5628 4.3738e+01    31.6234    24.4405     4.3705    31.7725     9.2722    24.4454          3 0.0000e+00
        718     16.000     9.2053  34.091600     1.8446     1.6948    93.7792 4.0289e+01    31.6252    24.4451     4.3396    31.7743     9.2518    24.4499          4 0.0000e+00
        721     16.500     9.1763  34.087786     1.8367     1.6289    94.0138 3.7597e+01    31.6467    24.4665     4.3182    31.7960     9.2223    24.4713          3 0.0000e+00
        724     17.000     9.2234  34.149155     1.8298     1.5835    94.1473 3.5646e+01    31.6679    24.4757     4.2920    31.8172     9.2692    24.4806          3 0.0000e+00
        727     17.500     9.2476  34.181684     1.8239     1.5000    94.3217 3.2642e+01    31.6797    24.4812     4.2718    31.8291     9.2932    24.4860          4 0.0000e+00
        731     18.000     9.2469  34.194063     1.8175     1.4754    94.4345 3.0971e+01    31.6928    24.4915     4.2518    31.8423     9.2923    24.4964          3 0.0000e+00
        734     18.500     9.2310  34.194659     1.8138     1.4638    94.4221 2.9085e+01    31.7074    24.5054     4.2428    31.8569     9.2760    24.5102          3 0.0000e+00
        737     19.000     9.2443  34.220678     1.8114     1.4229    94.4508 2.7022e+01    31.7221    24.5148     4.2346    31.8716     9.2891    24.5196          3 0.0000e+00
        740     19.500     9.2485  34.237230     1.8090     1.4307    94.4496 2.4833e+01    31.7351    24.5244     4.2268    31.8848     9.2930    24.5292          3 0.0000e+00
        743     20.000     9.2424  34.234616     1.8073     1.4116    94.4595 2.3329e+01    31.7376    24.5273     4.2228    31.8873     9.2868    24.5322          3 0.0000e+00
        747     20.500     9.2222  34.222299     1.8061     1.4133    94.4037 2.2045e+01    31.7428    24.5344     4.2208    31.8924     9.2664    24.5392          4 0.0000e+00
        750     21.000     9.2151  34.215977     1.8040     1.4047    94.2290 2.0221e+01    31.7422    24.5352     4.2138    31.8919     9.2592    24.5400          2 0.0000e+00
        753     21.500     9.1932  34.201748     1.7993     1.4092    94.2233 1.8569e+01    31.7470    24.5423     4.1996    31.8967     9.2370    24.5471          4 0.0000e+00
        756     22.000     9.2116  34.223259     1.7913     1.3442    94.0197 1.7776e+01    31.7525    24.5438     4.1707    31.9022     9.2554    24.5485          4 0.0000e+00
        760     22.500     9.2189  34.241244     1.7822     1.3093    93.9315 1.6410e+01    31.7643    24.5519     4.1395    31.9141     9.2624    24.5566          3 0.0000e+00
        763     23.000     9.2507  34.294156     1.7726     1.2709    93.9058 1.5196e+01    31.7902    24.5672     4.1054    31.9401     9.2939    24.5719          3 0.0000e+00
        766     23.500     9.2788  34.332881     1.7624     1.2600    93.8464 1.4407e+01    31.8048    24.5742     4.0703    31.9548     9.3218    24.5790          3 0.0000e+00
        769     24.000     9.3075  34.380459     1.7527     1.2202    93.8759 1.3443e+01    31.8280    24.5878     4.0375    31.9780     9.3501    24.5925          3 0.0000e+00
        772     24.500     9.3412  34.428144     1.7449     1.1900    93.8857 1.2327e+01    31.8467    24.5972     4.0114    31.9968     9.3835    24.6019          3 0.0000e+00
        775     25.000     9.3584  34.456441     1.7396     1.1911    93.9672 1.1578e+01    31.8601    24.6049     3.9937    32.0104     9.4006    24.6096          3 0.0000e+00
        778     25.500     9.3644  34.469742     1.7348     1.1594    93.9470 1.0926e+01    31.8682    24.6104     3.9775    32.0185     9.4064    24.6151          3 0.0000e+00
        781     26.000     9.3609  34.468051     1.7275     1.1654    93.7823 1.0037e+01    31.8695    24.6119     3.9531    32.0198     9.4028    24.6166          4 0.0000e+00
        786     26.500     9.3580  34.465927     1.7146     1.1567    93.5396 9.4340e+00    31.8696    24.6125     3.9106    32.0199     9.3998    24.6171          4 0.0000e+00
        789     27.000     9.3453  34.463346     1.7018     1.1625    93.5538 8.9358e+00    31.8781    24.6211     3.8708    32.0284     9.3869    24.6257          3 0.0000e+00
        792     27.500     9.3409  34.475233     1.6890     1.1652    93.4463 8.1732e+00    31.8940    24.6342     3.8316    32.0444     9.3821    24.6388          4 0.0000e+00
        796     28.000     9.3360  34.482609     1.6759     1.1781    93.1467 7.6467e+00    31.9058    24.6442     3.7927    32.0562     9.3769    24.6488          4 0.0000e+00
        800     28.500     9.3342  34.487227     1.6675     1.1850    92.9556 7.2028e+00    31.9118    24.6492     3.7677    32.0623     9.3750    24.6538          3 0.0000e+00
        803     29.000     9.3343  34.488783     1.6618     1.1906    92.5355 6.6012e+00    31.9131    24.6502     3.7506    32.0636     9.3750    24.6548          3 0.0000e+00
        806     29.500     9.3346  34.489534     1.6547     1.1829    92.3111 6.0491e+00    31.9134    24.6504     3.7291    32.0639     9.3753    24.6549          4 0.0000e+00
        811     30.000     9.3345  34.490251     1.6484     1.1693    92.0243 5.8715e+00    31.9140    24.6509     3.7103    32.0645     9.3751    24.6554          4 0.0000e+00
        813     30.500     9.3351  34.495142     1.6447     1.1825    91.9733 5.4159e+00    31.9183    24.6541     3.6987    32.0688     9.3756    24.6586          2 0.0000e+00
        817     31.000     9.3303  34.500753     1.6407     1.1735    91.9516 4.9353e+00    31.9281    24.6626     3.6870    32.0787     9.3706    24.6671          4 0.0000e+00
        821     31.500     9.3275  34.502235     1.6360     1.1522    91.9666 4.7171e+00    31.9320    24.6661     3.6722    32.0825     9.3676    24.6706          4 0.0000e+00
        824     32.000     9.3269  34.504930     1.6317     1.1623    91.8640 4.2825e+00    31.9350    24.6686     3.6596    32.0856     9.3669    24.6731          3 0.0000e+00
        828     32.500     9.3265  34.505787     1.6285     1.1612    91.9128 3.9936e+00    31.9360    24.6694     3.6503    32.0866     9.3665    24.6739          4 0.0000e+00
        831     33.000     9.3260  34.509370     1.6263     1.1626    91.8529 3.6523e+00    31.9400    24.6726     3.6446    32.0906     9.3658    24.6771          3 0.0000e+00
        835     33.500     9.3256  34.511966     1.6254     1.1524    91.8453 3.4133e+00    31.9427    24.6748     3.6421    32.0934     9.3653    24.6793          4 0.0000e+00
        838     34.000     9.3247  34.514252     1.6240     1.1403    91.7310 3.1844e+00    31.9457    24.6773     3.6376    32.0964     9.3643    24.6817          3 0.0000e+00
        841     34.500     9.3217  34.516913     1.6223     1.1512    91.6731 2.8754e+00    31.9509    24.6818     3.6323    32.1016     9.3612    24.6863          3 0.0000e+00
        845     35.000     9.3177  34.518595     1.6201     1.1608    91.7543 2.7026e+00    31.9559    24.6864     3.6262    32.1066     9.3570    24.6909          5 0.0000e+00
        849     35.500     9.3083  34.513110     1.6190     1.1793    91.8588 2.5234e+00    31.9585    24.6899     3.6245    32.1092     9.3475    24.6944          3 0.0000e+00
        852     36.000     9.2641  34.477600     1.6187     1.1992    91.9246 2.3091e+00    31.9613    24.6991     3.6280    32.1121     9.3030    24.7035          4 0.0000e+00
        856     36.500     9.2474  34.466793     1.6187     1.1756    91.9575 2.1708e+00    31.9649    24.7045     3.6291    32.1157     9.2862    24.7089          4 0.0000e+00
        860     37.000     9.2400  34.461651     1.6175     1.1898    91.8933 2.0058e+00    31.9660    24.7065     3.6254    32.1168     9.2787    24.7110          3 0.0000e+00
        863     37.500     9.2448  34.473075     1.6157     1.1623    91.8970 1.8479e+00    31.9733    24.7115     3.6197    32.1241     9.2833    24.7159          3 0.0000e+00
        866     38.000     9.2515  34.485777     1.6153     1.1440    91.8191 1.7063e+00    31.9801    24.7158     3.6193    32.1310     9.2898    24.7202          3 0.0000e+00
        869     38.500     9.2682  34.510545     1.6167     1.1455    91.7370 1.5865e+00    31.9905    24.7212     3.6239    32.1414     9.3064    24.7257          3 0.0000e+00
        872     39.000     9.2799  34.524830     1.6205     1.1394    91.7157 1.4488e+00    31.9945    24.7225     3.6363    32.1453     9.3180    24.7270          3 0.0000e+00
        875     39.500     9.2720  34.517331     1.6246     1.1644    91.7950 1.3358e+00    31.9936    24.7231     3.6507    32.1444     9.3101    24.7275          3 0.0000e+00
        878     40.000     9.2444  34.492978     1.6291     1.1564    91.7604 1.2455e+00    31.9931    24.7270     3.6679    32.1440     9.2823    24.7315          3 0.0000e+00
        881     40.500     9.1792  34.459229     1.6339     1.1630    91.7244 1.1511e+00    32.0165    24.7555     3.6884    32.1674     9.2164    24.7599          3 0.0000e+00
        884     41.000     9.1652  34.456315     1.6377     1.1569    91.7357 1.0580e+00    32.0258    24.7651     3.7017    32.1768     9.2022    24.7694          3 0.0000e+00
        887     41.500     9.1460  34.445363     1.6424     1.1509    91.6514 9.7526e-01    32.0315    24.7725     3.7180    32.1826     9.1828    24.7769          3 0.0000e+00
        890     42.000     9.1320  34.433304     1.6462     1.1699    91.6159 9.0840e-01    32.0315    24.7746     3.7312    32.1825     9.1687    24.7790          3 0.0000e+00
        893     42.500     9.1258  34.428698     1.6500     1.1697    91.5189 8.4117e-01    32.0320    24.7761     3.7441    32.1831     9.1624    24.7804          4 0.0000e+00
        897     43.000     9.1204  34.424779     1.6541     1.1473    91.3133 7.6861e-01    32.0327    24.7774     3.7573    32.1837     9.1569    24.7818          3 0.0000e+00
        900     43.500     9.1191  34.421988     1.6569     1.1738    91.1989 6.9840e-01    32.0307    24.7761     3.7660    32.1818     9.1556    24.7805          3 0.0000e+00
        903     44.000     9.1032  34.408427     1.6593     1.1740    91.1714 6.3796e-01    32.0308    24.7786     3.7751    32.1818     9.1396    24.7830          3 0.0000e+00
        906     44.500     9.1027  34.409875     1.6609     1.1852    91.0482 5.8918e-01    32.0325    24.7800     3.7806    32.1835     9.1390    24.7844          3 0.0000e+00
        909     45.000     9.1011  34.404905     1.6637     1.1735    91.0038 5.4699e-01    32.0285    24.7772     3.7906    32.1796     9.1374    24.7816          2 0.0000e+00
        911     45.500     9.0898  34.396138     1.6665     1.1844    90.9566 4.9467e-01    32.0294    24.7797     3.8017    32.1805     9.1260    24.7840          2 0.0000e+00
        913     46.000     9.0903  34.396885     1.6690     1.1854    90.8230 4.6202e-01    32.0295    24.7797     3.8104    32.1806     9.1265    24.7840          3 0.0000e+00
