CTD-bamfield-project/processed/bam221006.cnv
* Sea-Bird SBE25 Data File:
* FileName = C:\Users\Winkler\Documents\CTD data\Bamfield 2022\hex\bam221006.hex
* Software Version 1.59
* Temperature SN = 4194
* Conductivity SN = 2155
* System UpLoad Time = Feb 25 2022 14:08:10
** Station: SR4
** Depth: 152 m
** Latitude: 48 53.623 N
** Longitude: 125 04.492 W
** PDT (Time): Feb 24 2022 10:54
** Cruise: Bamfield 2022 project day 1
# nquan = 16
# nvalues = 277                         
# units = specified
# name 0 = scan: Scan Count
# name 1 = prSM: Pressure, Strain Gauge [db]
# name 2 = t090C: Temperature [ITS-90, deg C]
# name 3 = c0mS/cm: Conductivity [mS/cm]
# name 4 = sbeox0V: Oxygen raw, SBE 43 [V]
# name 5 = wetStar: Fluorescence, WET Labs WETstar [mg/m^3]
# name 6 = xmiss: Beam Transmission, Chelsea/Seatech [%]
# name 7 = par: PAR/Irradiance, Biospherical/Licor
# name 8 = sal00: Salinity, Practical [PSU]
# name 9 = sigma-é00: Density [sigma-theta, kg/m^3]
# name 10 = sbeox0ML/L: Oxygen, SBE 43 [ml/l], WS = 2
# name 11 = gsw_srA0: Reference Salinity [g/kg]
# name 12 = gsw_ctA0: Conservative Temperature [ITS-90, deg C]
# name 13 = gsw_sigma0A0: density, TEOS-10 [sigma-0, kg/m^3 ]
# name 14 = nbin: number of scans per bin
# name 15 = flag: flag
# span 0 =        501,       2208       
# span 1 =      4.500,    142.500       
# span 2 =     8.5602,     9.2903       
# span 3 =  33.163951,  34.719368       
# span 4 =     0.7092,     2.1508       
# span 5 =     1.1047,     4.1073       
# span 6 =    84.8061,    94.1084       
# span 7 = 1.0000e-12, 2.7215e+02       
# span 8 =    30.7523,    32.6971       
# span 9 =    23.7557,    25.3669       
# span 10 =     0.7700,     5.3081      
# span 11 =    30.8974,    32.8513      
# span 12 =     8.5779,     9.3331      
# span 13 =    23.7606,    25.3731      
# span 14 =          1,        347      
# span 15 = 0.0000e+00, 0.0000e+00      
# interval = decibars: 0.5              
# start_time = Feb 24 2022 13:11:24 [Instrument's time stamp, header]
# bad_flag = -9.990e-29
*END*
[from data line 91]
        681     50.000     9.0475  34.434381     1.7407     1.1209    91.6652 3.2099e-01    32.1051    24.8454     4.0385    32.2564     9.0818    24.8498          3 0.0000e+00
        803     50.500     9.0417  34.431304     1.7427     1.1136    91.7704 2.9273e-01    32.1069    24.8478     4.0456    32.2583     9.0760    24.8521        254 0.0000e+00
        955     51.000     9.0029  34.397194     1.7761     1.1111    91.7006 2.6259e-01    32.1064    24.8534     4.1607    32.2578     9.0370    24.8578          6 0.0000e+00
        945     51.500     8.9857  34.391699     1.7799     1.1125    91.7402 2.4211e-01    32.1160    24.8635     4.1715    32.2674     9.0196    24.8679          5 0.0000e+00
        950     52.000     8.9837  34.391835     1.7799     1.1098    91.5680 2.1463e-01    32.1177    24.8652     4.1696    32.2692     9.0174    24.8696          4 0.0000e+00
        954     52.500     8.9835  34.391754     1.7789     1.1051    91.5923 1.9153e-01    32.1176    24.8652     4.1676    32.2690     9.0172    24.8695          4 0.0000e+00
        958     53.000     8.9859  34.397806     1.7809     1.1100    91.6181 1.7797e-01    32.1215    24.8678     4.1765    32.2729     9.0195    24.8722          4 0.0000e+00
        961     53.500     8.9870  34.401274     1.7869     1.1054    91.5822 1.6194e-01    32.1239    24.8695     4.1972    32.2753     9.0205    24.8739          3 0.0000e+00
        965     54.000     8.9634  34.384331     1.7919     1.1100    91.5696 1.4845e-01    32.1274    24.8759     4.2145    32.2789     8.9967    24.8803          4 0.0000e+00
        968     54.500     8.9372  34.367424     1.7949     1.1228    91.5024 1.3539e-01    32.1333    24.8847     4.2248    32.2849     8.9702    24.8890          3 0.0000e+00
        971     55.000     8.9217  34.358124     1.7949     1.1185    91.4299 1.2393e-01    32.1374    24.8902     4.2251    32.2890     8.9546    24.8946          4 0.0000e+00
        975     55.500     8.9015  34.354478     1.7941     1.1225    91.3110 1.0764e-01    32.1518    24.9045     4.2245    32.3034     8.9340    24.9089          3 0.0000e+00
        978     56.000     8.8895  34.356537     1.7940     1.1171    91.3058 9.7819e-02    32.1645    24.9164     4.2259    32.3162     8.9217    24.9208          3 0.0000e+00
        981     56.500     8.8888  34.357448     1.7949     1.1229    91.0664 8.1767e-02    32.1659    24.9176     4.2288    32.3175     8.9210    24.9220          2 0.0000e+00
        983     57.000     8.8883  34.357666     1.7934     1.1129    90.9962 7.4175e-02    32.1664    24.9181     4.2241    32.3181     8.9204    24.9225          2 0.0000e+00
        985     57.500     8.8871  34.356638     1.7943     1.1142    90.9311 5.2670e-02    32.1661    24.9181     4.2278    32.3178     8.9192    24.9225          2 0.0000e+00
        987     58.000     8.8836  34.354424     1.7936     1.1055    90.8568 3.9226e-02    32.1668    24.9191     4.2267    32.3185     8.9155    24.9236          2 0.0000e+00
        988     58.500     8.8819  34.353916     1.7948     1.1133    90.8580 3.2182e-02    32.1676    24.9200     4.2311    32.3193     8.9138    24.9245          2 0.0000e+00
        990     59.000     8.8807  34.353525     1.7959     1.1210    90.7604 2.8206e-02    32.1681    24.9206     4.2355    32.3198     8.9125    24.9250          2 0.0000e+00
        992     59.500     8.8785  34.353022     1.7961     1.1065    90.7752 1.4494e-02    32.1692    24.9218     4.2369    32.3209     8.9103    24.9263          1 0.0000e+00
        994     60.000     8.8760  34.352330     1.7981     1.1250    90.7926 1.1057e-02    32.1705    24.9233     4.2440    32.3222     8.9077    24.9277          2 0.0000e+00
        995     60.500     8.8735  34.351729     1.7991     1.1060    90.7513 2.4017e-04    32.1720    24.9248     4.2478    32.3237     8.9051    24.9292          2 0.0000e+00
        997     61.000     8.8685  34.350029     1.8002     1.1205    90.7972 1.0000e-12    32.1745    24.9275     4.2521    32.3263     8.9001    24.9320          2 0.0000e+00
        999     61.500     8.8610  34.346662     1.8022     1.1227    90.7773 1.0000e-12    32.1776    24.9311     4.2596    32.3294     8.8924    24.9356          1 0.0000e+00
       1001     62.000     8.8516  34.342063     1.8029     1.1227    90.7616 1.0000e-12    32.1811    24.9353     4.2629    32.3329     8.8828    24.9398          2 0.0000e+00
       1003     62.500     8.8416  34.338790     1.8046     1.1314    90.5720 1.0000e-12    32.1866    24.9411     4.2692    32.3384     8.8726    24.9456          2 0.0000e+00
       1004     63.000     8.8339  34.337182     1.8058     1.1233    90.5255 1.0000e-12    32.1916    24.9462     4.2732    32.3434     8.8649    24.9507          2 0.0000e+00
       1006     63.500     8.8281  34.336222     1.8059     1.1154    90.3614 1.0000e-12    32.1957    24.9503     4.2733    32.3476     8.8589    24.9548          2 0.0000e+00
       1008     64.000     8.8240  34.335945     1.8059     1.1228    90.2118 1.0000e-12    32.1989    24.9535     4.2728    32.3508     8.8547    24.9580          1 0.0000e+00
       1010     64.500     8.8224  34.336061     1.8051     1.1127    90.0406 1.0000e-12    32.2002    24.9547     4.2697    32.3521     8.8530    24.9593          2 0.0000e+00
       1011     65.000     8.8223  34.336483     1.8029     1.1308    89.9082 1.0000e-12    32.2006    24.9551     4.2620    32.3525     8.8528    24.9596          2 0.0000e+00
       1013     65.500     8.8214  34.336902     1.8008     1.1313    89.8929 1.0000e-12    32.2016    24.9560     4.2553    32.3535     8.8519    24.9605          2 0.0000e+00
       1015     66.000     8.8181  34.336762     1.7986     1.1234    89.7917 1.0000e-12    32.2043    24.9586     4.2488    32.3561     8.8484    24.9631          1 0.0000e+00
       1017     66.500     8.8106  34.336097     1.7972     1.1319    89.7831 1.0000e-12    32.2102    24.9643     4.2447    32.3620     8.8407    24.9689          2 0.0000e+00
       1018     67.000     8.8063  34.337936     1.7938     1.1231    89.6672 1.0000e-12    32.2157    24.9694     4.2341    32.3676     8.8364    24.9739          2 0.0000e+00
       1020     67.500     8.8050  34.343004     1.7909     1.1227    89.5544 1.0000e-12    32.2220    24.9745     4.2254    32.3740     8.8349    24.9791          2 0.0000e+00
       1022     68.000     8.8037  34.346699     1.7886     1.1365    89.4327 1.0000e-12    32.2267    24.9784     4.2191    32.3787     8.8334    24.9830          2 0.0000e+00
       1024     68.500     8.7992  34.346774     1.7864     1.1239    89.4818 1.0000e-12    32.2307    24.9822     4.2137    32.3827     8.8288    24.9868          1 0.0000e+00
       1026     69.000     8.7938  34.345669     1.7863     1.1319    89.4875 1.0000e-12    32.2342    24.9858     4.2151    32.3862     8.8233    24.9904          2 0.0000e+00
       1027     69.500     8.7903  34.346795     1.7858     1.1313    89.3419 1.0000e-12    32.2384    24.9896     4.2143    32.3905     8.8196    24.9942          2 0.0000e+00
       1029     70.000     8.7901  34.348824     1.7863     1.1400    89.1895 1.0000e-12    32.2404    24.9912     4.2163    32.3925     8.8194    24.9958          1 0.0000e+00
       1031     70.500     8.7902  34.350129     1.7856     1.1398    89.0959 1.0000e-12    32.2416    24.9921     4.2138    32.3936     8.8193    24.9967          2 0.0000e+00
       1033     71.000     8.7903  34.351481     1.7851     1.1398    89.0568 1.0000e-12    32.2426    24.9929     4.2117    32.3946     8.8194    24.9975          2 0.0000e+00
       1034     71.500     8.7874  34.349392     1.7835     1.1251    89.0229 1.0000e-12    32.2428    24.9935     4.2068    32.3949     8.8165    24.9981          2 0.0000e+00
       1036     72.000     8.7835  34.347045     1.7826     1.1386    88.9550 1.0000e-12    32.2437    24.9948     4.2043    32.3958     8.8125    24.9995          1 0.0000e+00
       1038     72.500     8.7813  34.346163     1.7808     1.1485    88.6895 1.0000e-12    32.2446    24.9958     4.1985    32.3966     8.8102    25.0005          2 0.0000e+00
       1039     73.000     8.7801  34.345859     1.7788     1.1390    88.3847 1.0000e-12    32.2452    24.9965     4.1922    32.3972     8.8090    25.0012          1 0.0000e+00
       1041     73.500     8.7794  34.347768     1.7783     1.1599    88.3021 1.0000e-12    32.2475    24.9985     4.1904    32.3996     8.8082    25.0030          2 0.0000e+00
       1042     74.000     8.7805  34.351271     1.7748     1.1486    88.2532 1.0000e-12    32.2500    25.0002     4.1792    32.4021     8.8092    25.0049          2 0.0000e+00
       1044     74.500     8.7803  34.352028     1.7727     1.1412    88.2739 1.0000e-12    32.2507    25.0008     4.1726    32.4027     8.8090    25.0054          2 0.0000e+00
       1046     75.000     8.7785  34.352372     1.7705     1.1398    88.3280 1.0000e-12    32.2525    25.0025     4.1666    32.4046     8.8071    25.0072          1 0.0000e+00
       1048     75.500     8.7773  34.353597     1.7684     1.1398    88.2591 1.0000e-12    32.2546    25.0044     4.1604    32.4067     8.8057    25.0091          2 0.0000e+00
       1049     76.000     8.7764  34.355276     1.7669     1.1238    88.1642 1.0000e-12    32.2570    25.0064     4.1565    32.4091     8.8047    25.0111          2 0.0000e+00
       1051     76.500     8.7744  34.357749     1.7654     1.1227    88.0287 1.0000e-12    32.2611    25.0099     4.1524    32.4132     8.8026    25.0146          1 0.0000e+00
       1053     77.000     8.7727  34.359014     1.7648     1.1227    88.0206 1.0000e-12    32.2637    25.0122     4.1514    32.4159     8.8009    25.0169          2 0.0000e+00
       1054     77.500     8.7723  34.359440     1.7637     1.1475    87.8931 1.0000e-12    32.2644    25.0128     4.1482    32.4165     8.8004    25.0175          2 0.0000e+00
       1056     78.000     8.7721  34.359753     1.7643     1.1393    87.8179 1.0000e-12    32.2646    25.0130     4.1505    32.4168     8.8001    25.0178          1 0.0000e+00
       1058     78.500     8.7719  34.360264     1.7622     1.1300    87.7288 1.0000e-12    32.2651    25.0135     4.1438    32.4173     8.7999    25.0182          2 0.0000e+00
       1059     79.000     8.7716  34.360418     1.7619     1.1394    87.7281 1.0000e-12    32.2653    25.0137     4.1437    32.4175     8.7995    25.0184          2 0.0000e+00
       1061     79.500     8.7712  34.360810     1.7606     1.1398    87.7707 1.0000e-12    32.2659    25.0142     4.1410    32.4180     8.7990    25.0190          1 0.0000e+00
       1063     80.000     8.7710  34.361519     1.7614     1.1091    87.6875 1.0000e-12    32.2666    25.0148     4.1446    32.4187     8.7988    25.0195          2 0.0000e+00
       1065     80.500     8.7703  34.361156     1.7637     1.1227    87.7141 1.0000e-12    32.2667    25.0149     4.1528    32.4188     8.7980    25.0197          2 0.0000e+00
       1066     81.000     8.7700  34.361567     1.7642     1.1227    87.6445 1.0000e-12    32.2671    25.0153     4.1542    32.4192     8.7977    25.0201          2 0.0000e+00
       1068     81.500     8.7690  34.362299     1.7655     1.1393    87.5813 1.0000e-12    32.2686    25.0166     4.1575    32.4207     8.7966    25.0215          1 0.0000e+00
       1070     82.000     8.7668  34.362410     1.7648     1.1588    87.5349 1.0000e-12    32.2705    25.0184     4.1550    32.4226     8.7943    25.0233          2 0.0000e+00
       1071     82.500     8.7645  34.361155     1.7638     1.1330    87.4517 1.0000e-12    32.2710    25.0192     4.1512    32.4232     8.7919    25.0241          2 0.0000e+00
       1073     83.000     8.7618  34.358976     1.7631     1.1223    87.3049 1.0000e-12    32.2710    25.0196     4.1487    32.4232     8.7891    25.0245          1 0.0000e+00
       1075     83.500     8.7569  34.356542     1.7610     1.1227    87.1218 1.0000e-12    32.2728    25.0218     4.1425    32.4249     8.7841    25.0267          2 0.0000e+00
       1076     84.000     8.7560  34.358448     1.7589     1.1227    86.8743 1.0000e-12    32.2752    25.0238     4.1362    32.4274     8.7832    25.0287          2 0.0000e+00
       1078     84.500     8.7559  34.361193     1.7569     1.1412    86.5914 1.0000e-12    32.2780    25.0261     4.1308    32.4302     8.7830    25.0310          1 0.0000e+00
       1080     85.000     8.7556  34.361906     1.7570     1.1500    86.7242 1.0000e-12    32.2788    25.0267     4.1319    32.4310     8.7826    25.0316          2 0.0000e+00
       1081     85.500     8.7549  34.362790     1.7570     1.1484    86.7851 1.0000e-12    32.2802    25.0279     4.1323    32.4324     8.7818    25.0328          2 0.0000e+00
       1083     86.000     8.7528  34.363556     1.7557     1.1391    86.8017 1.0000e-12    32.2826    25.0302     4.1283    32.4348     8.7796    25.0351          1 0.0000e+00
       1085     86.500     8.7506  34.363215     1.7543     1.1398    87.0327 1.0000e-12    32.2841    25.0316     4.1241    32.4363     8.7773    25.0366          2 0.0000e+00
       1087     87.000     8.7467  34.360799     1.7539     1.1487    87.1559 1.0000e-12    32.2848    25.0329     4.1236    32.4371     8.7734    25.0378          2 0.0000e+00
       1088     87.500     8.7413  34.357436     1.7528     1.1484    87.0652 1.0000e-12    32.2860    25.0346     4.1210    32.4383     8.7679    25.0395          2 0.0000e+00
       1090     88.000     8.7359  34.353794     1.7521     1.1570    86.8791 1.0000e-12    32.2869    25.0361     4.1195    32.4391     8.7624    25.0411          1 0.0000e+00
       1092     88.500     8.7279  34.348751     1.7514     1.1472    86.6681 1.0000e-12    32.2887    25.0388     4.1186    32.4410     8.7543    25.0438          2 0.0000e+00
       1093     89.000     8.7175  34.345797     1.7509     1.1563    86.5175 1.0000e-12    32.2949    25.0452     4.1183    32.4472     8.7437    25.0502          2 0.0000e+00
       1095     89.500     8.7116  34.347183     1.7509     1.1744    86.2027 1.0000e-12    32.3015    25.0513     4.1187    32.4538     8.7377    25.0563          1 0.0000e+00
       1097     90.000     8.7088  34.347362     1.7495     1.1838    85.9940 1.0000e-12    32.3040    25.0537     4.1146    32.4564     8.7347    25.0587          2 0.0000e+00
       1098     90.500     8.7047  34.345285     1.7491     1.1492    85.9296 1.0000e-12    32.3054    25.0554     4.1135    32.4577     8.7305    25.0604          2 0.0000e+00
       1100     91.000     8.7001  34.342878     1.7480     1.1630    85.8580 1.0000e-12    32.3068    25.0572     4.1103    32.4592     8.7259    25.0622          2 0.0000e+00
       1102     91.500     8.6970  34.342889     1.7472     1.1571    85.7807 1.0000e-12    32.3095    25.0597     4.1075    32.4618     8.7227    25.0648          1 0.0000e+00
       1104     92.000     8.6964  34.342327     1.7452     1.1763    85.7033 1.0000e-12    32.3092    25.0596     4.1004    32.4615     8.7220    25.0646          2 0.0000e+00
       1105     92.500     8.6899  34.335748     1.7425     1.1740    85.7376 1.0000e-12    32.3080    25.0597     4.0919    32.4604     8.7155    25.0648          2 0.0000e+00
       1107     93.000     8.6825  34.331477     1.7398     1.1562    85.6971 1.0000e-12    32.3101    25.0624     4.0836    32.4624     8.7080    25.0675          1 0.0000e+00
       1109     93.500     8.6806  34.332481     1.7365     1.1473    85.5487 1.0000e-12    32.3127    25.0648     4.0730    32.4650     8.7060    25.0699          2 0.0000e+00
       1110     94.000     8.6804  34.335460     1.7336     1.1866    85.5044 1.0000e-12    32.3158    25.0672     4.0635    32.4681     8.7056    25.0723          2 0.0000e+00
