CTD-bamfield-project/processed/bam221002.cnv
* Sea-Bird SBE25 Data File:
* FileName = C:\Users\Winkler\Documents\CTD data\Bamfield 2022\hex\bam221002.hex
* Software Version 1.59
* Temperature SN = 4194
* Conductivity SN = 2155
* System UpLoad Time = Feb 22 2022 16:36:13
** Station: TC4
** Depth: 81.9 m
** Latitude: 48 51.750 N
** Longitude: 125 09.144 W
** PDT (Time): Feb 22 2022 11:29
** Cruise: Bamfield 2022 Day 3 Chemistry
# nquan = 16
# nvalues = 120                         
# units = specified
# name 0 = scan: Scan Count
# name 1 = prSM: Pressure, Strain Gauge [db]
# name 2 = t090C: Temperature [ITS-90, deg C]
# name 3 = c0mS/cm: Conductivity [mS/cm]
# name 4 = sbeox0V: Oxygen raw, SBE 43 [V]
# name 5 = wetStar: Fluorescence, WET Labs WETstar [mg/m^3]
# name 6 = xmiss: Beam Transmission, Chelsea/Seatech [%]
# name 7 = par: PAR/Irradiance, Biospherical/Licor
# name 8 = sal00: Salinity, Practical [PSU]
# name 9 = sigma-é00: Density [sigma-theta, kg/m^3]
# name 10 = sbeox0ML/L: Oxygen, SBE 43 [ml/l], WS = 2
# name 11 = gsw_srA0: Reference Salinity [g/kg]
# name 12 = gsw_ctA0: Conservative Temperature [ITS-90, deg C]
# name 13 = gsw_sigma0A0: density, TEOS-10 [sigma-0, kg/m^3 ]
# name 14 = nbin: number of scans per bin
# name 15 = flag: flag
# span 0 =        563,       1133       
# span 1 =      1.500,     61.000       
# span 2 =     8.7348,     9.3644       
# span 3 =  31.381822,  34.524830       
# span 4 =     1.5895,     2.1292       
# span 5 =     1.1227,     4.6475       
# span 6 =    89.8480,    94.4595       
# span 7 = 1.0000e-12, 8.2203e+02       
# span 8 =    29.2433,    32.1026       
# span 9 =    22.6531,    24.8416       
# span 10 =     3.5556,     5.3787      
# span 11 =    29.3811,    32.2539      
# span 12 =     8.8193,     9.4064      
# span 13 =    22.6573,    24.8462      
# span 14 =          1,        105      
# span 15 = 0.0000e+00, 0.0000e+00      
# interval = decibars: 0.5              
# start_time = Feb 22 2022 12:25:57 [Instrument's time stamp, header]
# bad_flag = -9.990e-29
*END*
[from data line 91]
        917     47.000     9.0974  34.403695     1.6768     1.1859    90.7559 3.8262e-01    32.0297    24.7787     3.8350    32.1808     9.1335    24.7831          2 0.0000e+00
        919     47.500     9.0850  34.382430     1.6796     1.1966    90.7749 3.5282e-01    32.0188    24.7721     3.8451    32.1697     9.1211    24.7765          2 0.0000e+00
        921     48.000     9.0523  34.355497     1.6825     1.1997    90.7348 3.1864e-01    32.0201    24.7782     3.8562    32.1710     9.0883    24.7825          2 0.0000e+00
        923     48.500     9.0336  34.346012     1.6837     1.2080    90.6448 2.8399e-01    32.0268    24.7864     3.8606    32.1778     9.0695    24.7907          1 0.0000e+00
        925     49.000     9.0345  34.348852     1.6837     1.2082    90.4953 2.5706e-01    32.0288    24.7877     3.8586    32.1798     9.0702    24.7921          2 0.0000e+00
        927     49.500     9.0360  34.343352     1.6830     1.1896    90.3463 2.2802e-01    32.0215    24.7818     3.8550    32.1725     9.0717    24.7862          2 0.0000e+00
        928     50.000     9.0121  34.331116     1.6801     1.1911    90.3876 2.0625e-01    32.0301    24.7923     3.8461    32.1812     9.0476    24.7966          2 0.0000e+00
        930     50.500     9.0131  34.342864     1.6762     1.1833    90.3141 1.8468e-01    32.0411    24.8007     3.8321    32.1922     9.0484    24.8050          2 0.0000e+00
        932     51.000     9.0242  34.359819     1.6717     1.1754    90.2506 1.6626e-01    32.0485    24.8048     3.8158    32.1996     9.0593    24.8091          2 0.0000e+00
        934     51.500     9.0445  34.383616     1.6664     1.1563    90.2677 1.5394e-01    32.0546    24.8064     3.7963    32.2058     9.0795    24.8108          1 0.0000e+00
        936     52.000     9.0575  34.393218     1.6612     1.1569    90.2495 1.3691e-01    32.0526    24.8029     3.7779    32.2038     9.0926    24.8073          2 0.0000e+00
        938     52.500     9.0657  34.417611     1.6539     1.1372    90.2224 1.2135e-01    32.0703    24.8154     3.7537    32.2215     9.1004    24.8198          2 0.0000e+00
        940     53.000     9.1083  34.459631     1.6472     1.1298    90.1950 1.0299e-01    32.0751    24.8126     3.7286    32.2263     9.1431    24.8171          2 0.0000e+00
        942     53.500     9.1226  34.467301     1.6401     1.1284    90.2404 8.7606e-02    32.0700    24.8064     3.7058    32.2212     9.1574    24.8109          3 0.0000e+00
        944     54.000     9.1282  34.475746     1.6342     1.1379    90.3522 7.6677e-02    32.0734    24.8082     3.6874    32.2246     9.1630    24.8127          2 0.0000e+00
        946     54.500     9.1365  34.487393     1.6286     1.1260    90.5042 6.9995e-02    32.0778    24.8103     3.6696    32.2290     9.1711    24.8148          2 0.0000e+00
        948     55.000     9.1353  34.496479     1.6231     1.1227    90.5355 5.6411e-02    32.0880    24.8186     3.6532    32.2393     9.1697    24.8231          2 0.0000e+00
        952     55.500     9.1233  34.492777     1.6167     1.1289    90.5452 4.0380e-02    32.0948    24.8257     3.6353    32.2461     9.1574    24.8302          5 0.0000e+00
        999     56.000     9.1108  34.485546     1.5946     1.1424    90.2809 2.7386e-02    32.0983    24.8305     3.5700    32.2497     9.1448    24.8350         18 0.0000e+00
       1034     56.500     9.1041  34.481601     1.5895     1.1311    90.3065 2.3848e-02    32.1001    24.8328     3.5556    32.2514     9.1380    24.8373          6 0.0000e+00
       1040     57.000     9.0953  34.476190     1.5897     1.1378    90.2395 1.3522e-02    32.1022    24.8359     3.5572    32.2536     9.1291    24.8404          7 0.0000e+00
       1048     57.500     9.0906  34.472704     1.5913     1.1414    90.1728 5.9063e-03    32.1026    24.8369     3.5636    32.2539     9.1243    24.8414          9 0.0000e+00
       1055     58.000     9.0835  34.465662     1.5937     1.1476    90.0442 5.7215e-04    32.1015    24.8372     3.5722    32.2529     9.1172    24.8417          6 0.0000e+00
       1063     58.500     9.0789  34.461840     1.5955     1.1418    89.9661 1.0000e-12    32.1015    24.8379     3.5783    32.2528     9.1125    24.8424          8 0.0000e+00
       1071     59.000     9.0767  34.459930     1.5964     1.1377    89.9682 1.0000e-12    32.1013    24.8381     3.5812    32.2526     9.1102    24.8426          9 0.0000e+00
       1081     59.500     9.0729  34.455985     1.5991     1.1437    89.9362 1.0000e-12    32.1004    24.8380     3.5908    32.2518     9.1064    24.8425         10 0.0000e+00
       1092     60.000     9.0690  34.452649     1.6018     1.1494    89.9549 1.0000e-12    32.1002    24.8385     3.6002    32.2516     9.1024    24.8430         11 0.0000e+00
       1106     60.500     9.0581  34.441944     1.6076     1.1561    89.8727 1.0000e-12    32.0988    24.8390     3.6202    32.2501     9.0915    24.8436         18 0.0000e+00
       1133     61.000     9.0317  34.417257     1.6201     1.1662    89.8480 1.0000e-12    32.0968    24.8416     3.6620    32.2482     9.0649    24.8462         36 0.0000e+00
