CTD-bamfield-project/processed/bam221006.cnv
* Sea-Bird SBE25 Data File:
* FileName = C:\Users\Winkler\Documents\CTD data\Bamfield 2022\hex\bam221006.hex
* Software Version 1.59
* Temperature SN = 4194
* Conductivity SN = 2155
* System UpLoad Time = Feb 25 2022 14:08:10
** Station: SR4
** Depth: 152 m
** Latitude: 48 53.623 N
** Longitude: 125 04.492 W
** PDT (Time): Feb 24 2022 10:54
** Cruise: Bamfield 2022 project day 1
# nquan = 16
# nvalues = 277                         
# units = specified
# name 0 = scan: Scan Count
# name 1 = prSM: Pressure, Strain Gauge [db]
# name 2 = t090C: Temperature [ITS-90, deg C]
# name 3 = c0mS/cm: Conductivity [mS/cm]
# name 4 = sbeox0V: Oxygen raw, SBE 43 [V]
# name 5 = wetStar: Fluorescence, WET Labs WETstar [mg/m^3]
# name 6 = xmiss: Beam Transmission, Chelsea/Seatech [%]
# name 7 = par: PAR/Irradiance, Biospherical/Licor
# name 8 = sal00: Salinity, Practical [PSU]
# name 9 = sigma-é00: Density [sigma-theta, kg/m^3]
# name 10 = sbeox0ML/L: Oxygen, SBE 43 [ml/l], WS = 2
# name 11 = gsw_srA0: Reference Salinity [g/kg]
# name 12 = gsw_ctA0: Conservative Temperature [ITS-90, deg C]
# name 13 = gsw_sigma0A0: density, TEOS-10 [sigma-0, kg/m^3 ]
# name 14 = nbin: number of scans per bin
# name 15 = flag: flag
# span 0 =        501,       2208       
# span 1 =      4.500,    142.500       
# span 2 =     8.5602,     9.2903       
# span 3 =  33.163951,  34.719368       
# span 4 =     0.7092,     2.1508       
# span 5 =     1.1047,     4.1073       
# span 6 =    84.8061,    94.1084       
# span 7 = 1.0000e-12, 2.7215e+02       
# span 8 =    30.7523,    32.6971       
# span 9 =    23.7557,    25.3669       
# span 10 =     0.7700,     5.3081      
# span 11 =    30.8974,    32.8513      
# span 12 =     8.5779,     9.3331      
# span 13 =    23.7606,    25.3731      
# span 14 =          1,        347      
# span 15 = 0.0000e+00, 0.0000e+00      
# interval = decibars: 0.5              
# start_time = Feb 24 2022 13:11:24 [Instrument's time stamp, header]
# bad_flag = -9.990e-29
*END*
[from data line 181]
       1114     95.000     8.6850  34.343901     1.7263     1.1480    85.4838 1.0000e-12    32.3199    25.0697     4.0400    32.4723     8.7101    25.0748          2 0.0000e+00
       1115     95.500     8.6872  34.348459     1.7233     1.1558    85.4488 1.0000e-12    32.3224    25.0714     4.0306    32.4748     8.7123    25.0765          2 0.0000e+00
       1117     96.000     8.6884  34.351083     1.7204     1.1730    85.4815 1.0000e-12    32.3238    25.0724     4.0220    32.4762     8.7134    25.0775          1 0.0000e+00
       1119     96.500     8.6887  34.352181     1.7177     1.1558    85.4266 1.0000e-12    32.3245    25.0729     4.0138    32.4769     8.7136    25.0780          2 0.0000e+00
       1120     97.000     8.6881  34.352804     1.7151     1.1569    85.4667 1.0000e-12    32.3254    25.0737     4.0061    32.4779     8.7130    25.0788          2 0.0000e+00
       1122     97.500     8.6873  34.353635     1.7117     1.1569    85.5123 1.0000e-12    32.3269    25.0749     3.9954    32.4794     8.7120    25.0801          1 0.0000e+00
       1124     98.000     8.6872  34.354279     1.7111     1.1672    85.5431 1.0000e-12    32.3273    25.0753     3.9933    32.4798     8.7119    25.0805          2 0.0000e+00
       1126     98.500     8.6873  34.354433     1.7081     1.1654    85.6754 1.0000e-12    32.3272    25.0752     3.9825    32.4797     8.7119    25.0805          2 0.0000e+00
       1127     99.000     8.6864  34.354327     1.7038     1.1654    85.6601 1.0000e-12    32.3277    25.0758     3.9672    32.4801     8.7109    25.0810          2 0.0000e+00
       1129     99.500     8.6853  34.354036     1.6986     1.1573    85.6712 1.0000e-12    32.3282    25.0763     3.9490    32.4806     8.7098    25.0815          1 0.0000e+00
       1131    100.000     8.6834  34.352767     1.6927     1.1569    85.5606 1.0000e-12    32.3284    25.0767     3.9295    32.4808     8.7079    25.0819          2 0.0000e+00
       1132    100.500     8.6779  34.349041     1.6854     1.1569    85.6531 1.0000e-12    32.3293    25.0784     3.9067    32.4818     8.7023    25.0836          1 0.0000e+00
       1134    101.000     8.6608  34.339021     1.6804     1.1770    85.7397 1.0000e-12    32.3342    25.0847     3.8929    32.4866     8.6851    25.0899          2 0.0000e+00
       1135    101.500     8.6484  34.334297     1.6749     1.1740    85.7000 1.0000e-12    32.3404    25.0914     3.8774    32.4929     8.6725    25.0967          2 0.0000e+00
       1137    102.000     8.6436  34.335963     1.6701     1.1920    85.7837 1.0000e-12    32.3463    25.0969     3.8634    32.4988     8.6675    25.1021          1 0.0000e+00
       1139    102.500     8.6496  34.354269     1.6659     1.1706    85.5383 1.0000e-12    32.3597    25.1064     3.8496    32.5123     8.6732    25.1117          2 0.0000e+00
       1141    103.000     8.6662  34.372533     1.6623     1.1913    85.4558 1.0000e-12    32.3634    25.1068     3.8368    32.5160     8.6897    25.1121          2 0.0000e+00
       1142    103.500     8.6557  34.363067     1.6570     1.1911    85.2110 1.0000e-12    32.3629    25.1080     3.8209    32.5155     8.6792    25.1133          2 0.0000e+00
       1144    104.000     8.6388  34.352316     1.6532     1.1911    84.8729 1.0000e-12    32.3669    25.1138     3.8102    32.5195     8.6621    25.1191          1 0.0000e+00
       1146    104.500     8.6311  34.347712     1.6491     1.1816    84.8061 1.0000e-12    32.3689    25.1165     3.7981    32.5215     8.6543    25.1218          2 0.0000e+00
       1147    105.000     8.6269  34.345102     1.6444     1.1746    84.8496 1.0000e-12    32.3698    25.1178     3.7834    32.5224     8.6500    25.1231          2 0.0000e+00
       1149    105.500     8.6241  34.343869     1.6395     1.1563    84.9777 1.0000e-12    32.3708    25.1190     3.7684    32.5234     8.6472    25.1243          1 0.0000e+00
       1151    106.000     8.6234  34.344601     1.6362     1.1668    85.0664 1.0000e-12    32.3720    25.1200     3.7582    32.5246     8.6464    25.1254          2 0.0000e+00
       1152    106.500     8.6209  34.346194     1.6320     1.1899    85.2842 1.0000e-12    32.3758    25.1234     3.7453    32.5284     8.6437    25.1287          2 0.0000e+00
       1154    107.000     8.6169  34.347754     1.6285     1.1547    85.4100 1.0000e-12    32.3808    25.1280     3.7345    32.5335     8.6396    25.1334          1 0.0000e+00
       1156    107.500     8.6152  34.348392     1.6243     1.1671    85.6119 1.0000e-12    32.3828    25.1298     3.7214    32.5355     8.6378    25.1351          2 0.0000e+00
       1157    108.000     8.6143  34.348546     1.6208     1.1654    85.5779 1.0000e-12    32.3836    25.1305     3.7103    32.5363     8.6369    25.1359          2 0.0000e+00
       1159    108.500     8.6130  34.349312     1.6171     1.1727    85.5210 1.0000e-12    32.3853    25.1321     3.6991    32.5380     8.6355    25.1375          2 0.0000e+00
       1161    109.000     8.6118  34.350101     1.6142     1.1582    85.4361 1.0000e-12    32.3871    25.1336     3.6897    32.5398     8.6342    25.1390          1 0.0000e+00
       1163    109.500     8.6112  34.350511     1.6102     1.2020    85.5294 1.0000e-12    32.3878    25.1343     3.6772    32.5405     8.6335    25.1397          2 0.0000e+00
       1164    110.000     8.6094  34.350932     1.6060     1.1920    85.4881 1.0000e-12    32.3896    25.1361     3.6640    32.5423     8.6317    25.1415          2 0.0000e+00
       1166    110.500     8.6074  34.351495     1.6031     1.1740    85.3765 1.0000e-12    32.3918    25.1381     3.6547    32.5446     8.6296    25.1435          1 0.0000e+00
       1168    111.000     8.6066  34.351729     1.5996     1.1838    85.4377 1.0000e-12    32.3926    25.1388     3.6437    32.5453     8.6287    25.1442          2 0.0000e+00
       1169    111.500     8.6072  34.355173     1.5947     1.1826    85.3781 1.0000e-12    32.3953    25.1409     3.6282    32.5481     8.6292    25.1464          2 0.0000e+00
       1171    112.000     8.6108  34.359490     1.5915     1.1826    85.4208 1.0000e-12    32.3964    25.1412     3.6177    32.5492     8.6327    25.1467          2 0.0000e+00
       1173    112.500     8.6120  34.361520     1.5886     1.1904    85.3315 1.0000e-12    32.3972    25.1417     3.6089    32.5500     8.6339    25.1472          1 0.0000e+00
       1175    113.000     8.6129  34.364003     1.5845     1.1911    85.3506 1.0000e-12    32.3988    25.1427     3.5953    32.5515     8.6347    25.1481          2 0.0000e+00
       1176    113.500     8.6142  34.365848     1.5815     1.1911    85.2553 1.0000e-12    32.3993    25.1429     3.5845    32.5521     8.6360    25.1484          2 0.0000e+00
       1178    114.000     8.6149  34.366956     1.5764     1.1911    85.2161 1.0000e-12    32.3996    25.1431     3.5666    32.5524     8.6366    25.1486          1 0.0000e+00
       1180    114.500     8.6145  34.367638     1.5715     1.1726    85.2733 1.0000e-12    32.4004    25.1438     3.5487    32.5532     8.6362    25.1493          2 0.0000e+00
       1181    115.000     8.6150  34.369823     1.5636     1.1972    85.2688 1.0000e-12    32.4020    25.1450     3.5213    32.5548     8.6366    25.1505          2 0.0000e+00
       1183    115.500     8.6162  34.371830     1.5542     1.1911    85.3228 1.0000e-12    32.4028    25.1454     3.4888    32.5556     8.6377    25.1510          1 0.0000e+00
       1185    116.000     8.6172  34.373043     1.5458     1.1717    85.3073 1.0000e-12    32.4029    25.1453     3.4603    32.5557     8.6387    25.1509          2 0.0000e+00
       1186    116.500     8.6166  34.374432     1.5346     1.1822    85.3477 1.0000e-12    32.4047    25.1469     3.4227    32.5575     8.6380    25.1524          2 0.0000e+00
       1188    117.000     8.6141  34.378009     1.5228     1.1733    85.3495 1.0000e-12    32.4105    25.1519     3.3829    32.5633     8.6353    25.1574          1 0.0000e+00
       1190    117.500     8.6134  34.388936     1.5100     1.1740    85.3662 1.0000e-12    32.4224    25.1611     3.3408    32.5753     8.6344    25.1668          2 0.0000e+00
       1192    118.000     8.6124  34.396402     1.4962     1.1740    85.4494 1.0000e-12    32.4309    25.1681     3.2965    32.5838     8.6331    25.1736          2 0.0000e+00
       1193    118.500     8.6099  34.396855     1.4834     1.1821    85.5459 1.0000e-12    32.4335    25.1705     3.2563    32.5864     8.6305    25.1761          2 0.0000e+00
       1195    119.000     8.6065  34.401410     1.4717     1.1755    85.5730 1.0000e-12    32.4411    25.1769     3.2202    32.5941     8.6270    25.1825          2 0.0000e+00
       1197    119.500     8.6008  34.409047     1.4611     1.1740    85.5898 1.0000e-12    32.4541    25.1880     3.1878    32.6071     8.6210    25.1936          1 0.0000e+00
       1198    120.000     8.5994  34.415706     1.4516     1.1740    85.5514 1.0000e-12    32.4621    25.1945     3.1590    32.6152     8.6195    25.2001          2 0.0000e+00
       1200    120.500     8.6010  34.422158     1.4437     1.1740    85.5078 1.0000e-12    32.4672    25.1982     3.1344    32.6203     8.6209    25.2038          1 0.0000e+00
       1202    121.000     8.6047  34.429716     1.4355     1.1740    85.5742 1.0000e-12    32.4715    25.2011     3.1094    32.6247     8.6245    25.2067          2 0.0000e+00
       1204    121.500     8.6035  34.431257     1.4283     1.1740    85.6729 1.0000e-12    32.4739    25.2032     3.0876    32.6270     8.6232    25.2088          2 0.0000e+00
       1205    122.000     8.5935  34.425258     1.4223     1.1816    85.7079 1.0000e-12    32.4767    25.2069     3.0707    32.6298     8.6130    25.2125          2 0.0000e+00
       1207    122.500     8.5861  34.421565     1.4172     1.1914    85.7260 1.0000e-12    32.4794    25.2101     3.0561    32.6325     8.6056    25.2157          1 0.0000e+00
       1209    123.000     8.5828  34.420267     1.4114     1.1706    85.7418 1.0000e-12    32.4808    25.2117     3.0390    32.6340     8.6021    25.2174          2 0.0000e+00
       1211    123.500     8.5788  34.418844     1.4087     1.1827    85.6430 1.0000e-12    32.4828    25.2139     3.0314    32.6360     8.5980    25.2196          2 0.0000e+00
       1212    124.000     8.5718  34.417548     1.4048     1.1905    85.5080 1.0000e-12    32.4876    25.2187     3.0207    32.6408     8.5910    25.2244          2 0.0000e+00
       1214    124.500     8.5680  34.417169     1.4009     1.2745    85.4317 1.0000e-12    32.4904    25.2215     3.0092    32.6436     8.5870    25.2272          2 0.0000e+00
       1288    125.000     8.5667  34.416776     1.3812     1.2024    86.2282 1.0000e-12    32.4911    25.2222     2.9485    32.6443     8.5856    25.2279        178 0.0000e+00
       1412    125.500     8.5652  34.416673     1.3697     1.1887    86.6945 1.0000e-12    32.4921    25.2232     2.9087    32.6453     8.5841    25.2289          6 0.0000e+00
       1402    126.000     8.5652  34.417345     1.3572     1.1699    86.2757 1.0000e-12    32.4926    25.2236     2.8610    32.6458     8.5840    25.2294          5 0.0000e+00
       1407    126.500     8.5642  34.420346     1.3348     1.1740    86.2160 1.0000e-12    32.4963    25.2267     2.7839    32.6496     8.5830    25.2325          4 0.0000e+00
       1411    127.000     8.5626  34.437908     1.3089     1.1647    86.2968 1.0000e-12    32.5161    25.2425     2.7002    32.6694     8.5809    25.2482          4 0.0000e+00
       1415    127.500     8.5698  34.460770     1.2906     1.1654    86.4128 1.0000e-12    32.5332    25.2547     2.6432    32.6866     8.5878    25.2605          4 0.0000e+00
       1418    128.000     8.5781  34.475296     1.2774     1.1736    86.5952 1.0000e-12    32.5405    25.2593     2.6016    32.6940     8.5960    25.2650          3 0.0000e+00
       1421    128.500     8.5715  34.472046     1.2632     1.1740    86.7647 1.0000e-12    32.5430    25.2622     2.5554    32.6964     8.5893    25.2680          4 0.0000e+00
       1425    129.000     8.5602  34.464953     1.2466     1.1740    87.0007 1.0000e-12    32.5457    25.2660     2.5009    32.6992     8.5779    25.2718          3 0.0000e+00
       1429    129.500     8.5631  34.473224     1.2292     1.1740    87.0094 1.0000e-12    32.5515    25.2701     2.4413    32.7050     8.5806    25.2759          4 0.0000e+00
       1432    130.000     8.5788  34.490775     1.2077     1.1796    87.1027 1.0000e-12    32.5552    25.2707     2.3669    32.7087     8.5962    25.2765          3 0.0000e+00
       1435    130.500     8.5873  34.501283     1.1805     1.1825    87.0702 1.0000e-12    32.5581    25.2717     2.2757    32.7117     8.6047    25.2775          4 0.0000e+00
       1439    131.000     8.5994  34.520225     1.1515     1.1688    87.1819 1.0000e-12    32.5667    25.2766     2.1791    32.7203     8.6166    25.2825          3 0.0000e+00
       1442    131.500     8.6131  34.539964     1.1218     1.1565    87.3437 1.0000e-12    32.5745    25.2807     2.0798    32.7281     8.6301    25.2865          3 0.0000e+00
       1445    132.000     8.6292  34.564008     1.0900     1.1569    87.5430 1.0000e-12    32.5846    25.2862     1.9749    32.7383     8.6461    25.2920          3 0.0000e+00
       1448    132.500     8.6343  34.575579     1.0580     1.1654    87.7130 1.0000e-12    32.5918    25.2910     1.8738    32.7455     8.6510    25.2969          4 0.0000e+00
       1452    133.000     8.6331  34.587975     1.0301     1.1790    87.9015 1.0000e-12    32.6057    25.3021     1.7885    32.7594     8.6495    25.3080          3 0.0000e+00
       1455    133.500     8.6410  34.613405     1.0080     1.1615    88.3299 1.0000e-12    32.6248    25.3159     1.7205    32.7787     8.6570    25.3219          3 0.0000e+00
       1458    134.000     8.6562  34.623742     0.9911     1.1563    88.5038 1.0000e-12    32.6214    25.3109     1.6687    32.7752     8.6723    25.3168          3 0.0000e+00
       1462    134.500     8.6454  34.617132     0.9776     1.1613    88.6321 1.0000e-12    32.6242    25.3147     1.6284    32.7780     8.6614    25.3207          4 0.0000e+00
       1552    135.000     8.6484  34.621123     0.9442     1.1546    88.9293 1.0000e-12    32.6254    25.3153     1.5281    32.7792     8.6642    25.3212        230 0.0000e+00
       1716    135.500     8.6489  34.622639     0.9257     1.1510    88.7453 1.0000e-12    32.6263    25.3159     1.4669    32.7802     8.6647    25.3219          6 0.0000e+00
       1701    136.000     8.6544  34.629137     0.9209     1.1404    88.5854 1.0000e-12    32.6278    25.3163     1.4528    32.7817     8.6701    25.3223          4 0.0000e+00
       1705    136.500     8.6570  34.632500     0.9186     1.1450    88.5739 1.0000e-12    32.6287    25.3165     1.4464    32.7826     8.6727    25.3225          3 0.0000e+00
       1708    137.000     8.6589  34.635126     0.9176     1.1569    88.5381 1.0000e-12    32.6295    25.3169     1.4439    32.7834     8.6745    25.3229          3 0.0000e+00
       1711    137.500     8.6556  34.632520     0.9172     1.1389    88.6134 1.0000e-12    32.6295    25.3174     1.4405    32.7834     8.6712    25.3234          3 0.0000e+00
       1714    138.000     8.6547  34.631781     0.9117     1.1524    88.6296 1.0000e-12    32.6294    25.3174     1.4147    32.7833     8.6702    25.3235          3 0.0000e+00
       1717    138.500     8.6516  34.628961     0.8914     1.2451    88.4361 1.0000e-12    32.6291    25.3177     1.3395    32.7830     8.6670    25.3238          4 0.0000e+00
       1721    139.000     8.6507  34.629204     0.8625     1.1481    88.7034 1.0000e-12    32.6299    25.3185     1.2430    32.7838     8.6661    25.3246          3 0.0000e+00
       1724    139.500     8.6511  34.642378     0.8344     1.1398    88.5345 1.0000e-12    32.6431    25.3288     1.1535    32.7971     8.6662    25.3349          3 0.0000e+00
