CTD-bamfield-project/processed/bam221011.cnv
* Sea-Bird SBE25 Data File:
* FileName = C:\Users\Winkler\Documents\CTD data\Bamfield 2022\hex\bam221011.hex
* Software Version 1.59
* Temperature SN = 4194
* Conductivity SN = 2155
* System UpLoad Time = Feb 25 2022 14:18:12
** Station: TC
** Depth: 57 m
** Latitude: 48 50.557 N
** Longitude: 125 08.375 W
** PDT (Time): Feb 25 2022 09:55
** Cruise: Bamfield 2022 project day 2
# nquan = 16
# nvalues = 111                         
# units = specified
# name 0 = scan: Scan Count
# name 1 = prSM: Pressure, Strain Gauge [db]
# name 2 = t090C: Temperature [ITS-90, deg C]
# name 3 = c0mS/cm: Conductivity [mS/cm]
# name 4 = sbeox0V: Oxygen raw, SBE 43 [V]
# name 5 = wetStar: Fluorescence, WET Labs WETstar [mg/m^3]
# name 6 = xmiss: Beam Transmission, Chelsea/Seatech [%]
# name 7 = par: PAR/Irradiance, Biospherical/Licor
# name 8 = sal00: Salinity, Practical [PSU]
# name 9 = sigma-é00: Density [sigma-theta, kg/m^3]
# name 10 = sbeox0ML/L: Oxygen, SBE 43 [ml/l], WS = 2
# name 11 = gsw_srA0: Reference Salinity [g/kg]
# name 12 = gsw_ctA0: Conservative Temperature [ITS-90, deg C]
# name 13 = gsw_sigma0A0: density, TEOS-10 [sigma-0, kg/m^3 ]
# name 14 = nbin: number of scans per bin
# name 15 = flag: flag
# span 0 =        556,       1317       
# span 1 =      1.000,     56.000       
# span 2 =     7.7474,     8.9168       
# span 3 =  31.305141,  34.335605       
# span 4 =     1.6256,     2.3864       
# span 5 =     1.2794,    10.2073       
# span 6 =    86.5187,    91.5050       
# span 7 = -1.036e-06, 3.4431e+02       
# span 8 =    29.8381,    32.1613       
# span 9 =    23.2323,    24.9170       
# span 10 =     3.6902,     6.3145      
# span 11 =    29.9788,    32.3130      
# span 12 =     7.7962,     8.9562      
# span 13 =    23.2363,    24.9213      
# span 14 =          2,        175      
# span 15 = 0.0000e+00, 0.0000e+00      
# interval = decibars: 0.5              
# start_time = Feb 25 2022 10:54:19 [Instrument's time stamp, header]
# bad_flag = -9.990e-29
*END*
[from data line 91]
        906     46.500     8.8382  34.194947     1.6902     1.3917    90.3042 3.9055e-05    32.0472    24.8322     3.8969    32.1983     8.8732    24.8365         36 0.0000e+00
        924     47.000     8.8327  34.193596     1.6871     1.4053    90.2796 3.8872e-05    32.0505    24.8356     3.8877    32.2016     8.8677    24.8399         10 0.0000e+00
        931     47.500     8.8183  34.182090     1.6873     1.4076    90.1437 -1.036e-06    32.0513    24.8385     3.8899    32.2025     8.8531    24.8427          6 0.0000e+00
        937     48.000     8.7818  34.152099     1.6855     1.3933    90.0202 1.0000e-12    32.0529    24.8453     3.8866    32.2041     8.8164    24.8496          6 0.0000e+00
        942     48.500     8.7854  34.161442     1.6807     1.4234    89.8430 1.0000e-12    32.0591    24.8496     3.8690    32.2102     8.8199    24.8538          5 0.0000e+00
        947     49.000     8.7925  34.169337     1.6735     1.4365    89.5928 1.0000e-12    32.0607    24.8498     3.8450    32.2119     8.8269    24.8541          5 0.0000e+00
        951     49.500     8.7717  34.173980     1.6665     1.4065    89.4245 1.0000e-12    32.0841    24.8713     3.8243    32.2354     8.8056    24.8755          5 0.0000e+00
        956     50.000     8.8095  34.228010     1.6593     1.3669    89.0830 1.0000e-12    32.1059    24.8827     3.7979    32.2574     8.8431    24.8870          4 0.0000e+00
        961     50.500     8.8367  34.258783     1.6544     1.3515    88.3392 1.0000e-12    32.1132    24.8842     3.7811    32.2646     8.8702    24.8885          5 0.0000e+00
        966     51.000     8.8364  34.261291     1.6513     1.3517    87.9942 1.0000e-12    32.1158    24.8863     3.7718    32.2672     8.8699    24.8905          5 0.0000e+00
        978     51.500     8.8367  34.265899     1.6471     1.3470    87.9193 1.0000e-12    32.1201    24.8896     3.7591    32.2716     8.8700    24.8939         26 0.0000e+00
       1122     52.000     8.8356  34.266996     1.6421     1.3400    87.7201 1.0000e-12    32.1220    24.8913     3.7448    32.2735     8.8688    24.8956        175 0.0000e+00
       1179     52.500     8.8396  34.274326     1.6417     1.3391    87.7654 1.0000e-12    32.1258    24.8936     3.7430    32.2773     8.8727    24.8979         12 0.0000e+00
       1186     53.000     8.8552  34.295783     1.6412     1.3240    87.6265 1.0000e-12    32.1338    24.8975     3.7398    32.2853     8.8882    24.9019         11 0.0000e+00
       1198     53.500     8.8536  34.295081     1.6407     1.3261    87.6311 1.0000e-12    32.1342    24.8981     3.7383    32.2857     8.8865    24.9025          9 0.0000e+00
       1207     54.000     8.8553  34.301670     1.6370     1.3192    87.5567 1.0000e-12    32.1393    24.9018     3.7256    32.2908     8.8881    24.9062         10 0.0000e+00
       1216     54.500     8.8636  34.321966     1.6327     1.3022    87.5393 1.0000e-12    32.1527    24.9111     3.7110    32.3043     8.8961    24.9154          8 0.0000e+00
       1224     55.000     8.8665  34.331984     1.6290     1.3129    87.5683 1.0000e-12    32.1603    24.9166     3.6995    32.3120     8.8988    24.9210          9 0.0000e+00
       1237     55.500     8.8693  34.335605     1.6271     1.2794    87.6587 1.0000e-12    32.1613    24.9170     3.6939    32.3130     8.9016    24.9213         22 0.0000e+00
       1317     56.000     8.8614  34.323430     1.6256     1.2814    88.0832 1.0000e-12    32.1556    24.9136     3.6902    32.3073     8.8937    24.9180          2 0.0000e+00
