CTD-bamfield-project/processed/bam221006.cnv
* Sea-Bird SBE25 Data File:
* FileName = C:\Users\Winkler\Documents\CTD data\Bamfield 2022\hex\bam221006.hex
* Software Version 1.59
* Temperature SN = 4194
* Conductivity SN = 2155
* System UpLoad Time = Feb 25 2022 14:08:10
** Station: SR4
** Depth: 152 m
** Latitude: 48 53.623 N
** Longitude: 125 04.492 W
** PDT (Time): Feb 24 2022 10:54
** Cruise: Bamfield 2022 project day 1
# nquan = 16
# nvalues = 277                         
# units = specified
# name 0 = scan: Scan Count
# name 1 = prSM: Pressure, Strain Gauge [db]
# name 2 = t090C: Temperature [ITS-90, deg C]
# name 3 = c0mS/cm: Conductivity [mS/cm]
# name 4 = sbeox0V: Oxygen raw, SBE 43 [V]
# name 5 = wetStar: Fluorescence, WET Labs WETstar [mg/m^3]
# name 6 = xmiss: Beam Transmission, Chelsea/Seatech [%]
# name 7 = par: PAR/Irradiance, Biospherical/Licor
# name 8 = sal00: Salinity, Practical [PSU]
# name 9 = sigma-é00: Density [sigma-theta, kg/m^3]
# name 10 = sbeox0ML/L: Oxygen, SBE 43 [ml/l], WS = 2
# name 11 = gsw_srA0: Reference Salinity [g/kg]
# name 12 = gsw_ctA0: Conservative Temperature [ITS-90, deg C]
# name 13 = gsw_sigma0A0: density, TEOS-10 [sigma-0, kg/m^3 ]
# name 14 = nbin: number of scans per bin
# name 15 = flag: flag
# span 0 =        501,       2208       
# span 1 =      4.500,    142.500       
# span 2 =     8.5602,     9.2903       
# span 3 =  33.163951,  34.719368       
# span 4 =     0.7092,     2.1508       
# span 5 =     1.1047,     4.1073       
# span 6 =    84.8061,    94.1084       
# span 7 = 1.0000e-12, 2.7215e+02       
# span 8 =    30.7523,    32.6971       
# span 9 =    23.7557,    25.3669       
# span 10 =     0.7700,     5.3081      
# span 11 =    30.8974,    32.8513      
# span 12 =     8.5779,     9.3331      
# span 13 =    23.7606,    25.3731      
# span 14 =          1,        347      
# span 15 = 0.0000e+00, 0.0000e+00      
# interval = decibars: 0.5              
# start_time = Feb 24 2022 13:11:24 [Instrument's time stamp, header]
# bad_flag = -9.990e-29
*END*
        501      4.500     9.2505  33.275131     2.1508     3.8670    87.8895 1.9510e+02    30.7523    23.7557     5.3081    30.8974     9.3133    23.7606          2 0.0000e+00
        504      5.000     9.1570  33.290622     2.1316     3.8465    89.4926 2.3131e+02    30.8488    23.8455     5.2632    30.9943     9.2175    23.8503          3 0.0000e+00
        507      5.500     9.0604  33.248737     2.1185     4.1073    90.9132 2.7215e+02    30.8891    23.8918     5.2372    31.0348     9.1198    23.8965          2 0.0000e+00
        509      6.000     8.9698  33.188491     2.1071     3.9455    91.2678 2.3478e+02    30.9055    23.9183     5.2135    31.0512     9.0284    23.9230          3 0.0000e+00
        512      6.500     8.9252  33.163951     2.0962     4.0621    91.3349 2.3407e+02    30.9188    23.9355     5.1839    31.0645     8.9833    23.9402          2 0.0000e+00
        514      7.000     8.8516  33.182144     2.0860     3.9174    91.4382 1.7896e+02    31.0015    24.0113     5.1569    31.1477     8.9080    24.0159          3 0.0000e+00
        517      7.500     8.8496  33.305028     2.0722     3.8160    91.4360 1.7984e+02    31.1303    24.1124     5.1087    31.2771     8.9038    24.1170          2 0.0000e+00
        519      8.000     8.8617  33.335684     2.0600     3.7343    91.4707 1.4777e+02    31.1512    24.1269     5.0686    31.2981     8.9156    24.1316          3 0.0000e+00
        522      8.500     8.8741  33.410613     2.0484     3.7549    91.5712 1.4808e+02    31.2177    24.1771     5.0296    31.3649     8.9269    24.1817          3 0.0000e+00
        524      9.000     8.8654  33.473780     2.0385     3.7127    91.6636 1.3463e+02    31.2906    24.2355     4.9992    31.4382     8.9169    24.2401          2 0.0000e+00
        527      9.500     8.8625  33.503512     2.0316     3.7617    91.8370 1.2157e+02    31.3238    24.2619     4.9791    31.4715     8.9134    24.2665          3 0.0000e+00
        530     10.000     8.8753  33.542956     2.0266     3.7369    92.0506 1.1362e+02    31.3532    24.2830     4.9626    31.5011     8.9256    24.2876          2 0.0000e+00
        532     10.500     8.8633  33.538304     2.0229     3.7076    92.1455 1.0303e+02    31.3587    24.2891     4.9525    31.5066     8.9135    24.2937          3 0.0000e+00
        535     11.000     8.8410  33.532550     2.0176     3.6424    92.0493 9.3848e+01    31.3723    24.3031     4.9375    31.5202     8.8907    24.3077          3 0.0000e+00
        537     11.500     8.8239  33.526655     2.0126     3.3680    92.1392 8.6003e+01    31.3810    24.3125     4.9238    31.5290     8.8735    24.3171          2 0.0000e+00
        540     12.000     8.8070  33.518192     2.0083     3.2693    92.2496 7.9157e+01    31.3869    24.3197     4.9132    31.5349     8.8563    24.3243          3 0.0000e+00
        542     12.500     8.8088  33.525018     2.0043     3.1331    92.2817 7.1628e+01    31.3923    24.3236     4.9010    31.5403     8.8579    24.3282          2 0.0000e+00
        545     13.000     8.8226  33.544971     2.0020     3.1515    92.5001 6.6371e+01    31.4005    24.3281     4.8908    31.5486     8.8716    24.3326          3 0.0000e+00
        548     13.500     8.8220  33.556440     1.9968     3.0437    92.8259 6.1433e+01    31.4128    24.3377     4.8712    31.5609     8.8708    24.3422          2 0.0000e+00
        550     14.000     8.8226  33.568970     1.9880     2.9026    93.0675 5.7066e+01    31.4250    24.3471     4.8381    31.5732     8.8711    24.3517          3 0.0000e+00
        552     14.500     8.8086  33.570384     1.9738     2.7814    93.1816 5.3540e+01    31.4387    24.3600     4.7910    31.5869     8.8568    24.3646          2 0.0000e+00
        555     15.000     8.8099  33.591124     1.9594     2.6362    93.3548 4.8948e+01    31.4588    24.3755     4.7434    31.6071     8.8578    24.3801          3 0.0000e+00
        557     15.500     8.8574  33.668648     1.9440     2.4628    93.4988 4.5309e+01    31.4969    24.3982     4.6888    31.6454     8.9047    24.4028          2 0.0000e+00
        560     16.000     8.9350  33.799814     1.9310     2.3579    93.5889 4.2233e+01    31.5637    24.4388     4.6383    31.7126     8.9815    24.4434          2 0.0000e+00
        562     16.500     9.0532  33.942797     1.9182     2.2986    93.7798 3.9043e+01    31.6064    24.4540     4.5853    31.7555     9.0994    24.4587          3 0.0000e+00
        565     17.000     9.1118  34.015864     1.9068     2.2559    93.9631 3.6705e+01    31.6296    24.4632     4.5436    31.7789     9.1577    24.4679          2 0.0000e+00
        567     17.500     9.1185  34.027595     1.8982     2.2386    94.0602 3.4018e+01    31.6356    24.4667     4.5171    31.7847     9.1644    24.4715          3 0.0000e+00
        569     18.000     9.1180  34.031861     1.8905     2.1197    93.9913 3.1884e+01    31.6403    24.4705     4.4941    31.7895     9.1637    24.4752          2 0.0000e+00
        572     18.500     9.1209  34.039621     1.8838     2.0967    93.9196 2.9867e+01    31.6455    24.4741     4.4741    31.7947     9.1665    24.4789          2 0.0000e+00
        574     19.000     9.1376  34.064784     1.8801     2.0517    93.7927 2.7916e+01    31.6562    24.4799     4.4615    31.8055     9.1831    24.4847          2 0.0000e+00
        576     19.500     9.1600  34.091389     1.8756     2.0081    93.6985 2.5809e+01    31.6637    24.4823     4.4460    31.8129     9.2054    24.4871          2 0.0000e+00
        578     20.000     9.1765  34.112536     1.8721     2.0209    93.8232 2.4014e+01    31.6705    24.4851     4.4335    31.8199     9.2218    24.4898          2 0.0000e+00
        580     20.500     9.1763  34.114734     1.8690     2.0107    93.8583 2.2317e+01    31.6728    24.4870     4.4246    31.8221     9.2214    24.4917          2 0.0000e+00
        582     21.000     9.1696  34.106910     1.8673     1.9365    93.9425 2.0812e+01    31.6704    24.4861     4.4204    31.8198     9.2147    24.4908          2 0.0000e+00
        584     21.500     9.1517  34.090853     1.8643     1.9432    93.9487 1.9547e+01    31.6697    24.4883     4.4128    31.8190     9.1967    24.4930          2 0.0000e+00
        585     22.000     9.1496  34.096020     1.8615     1.9101    93.9610 1.8244e+01    31.6765    24.4940     4.4038    31.8259     9.1945    24.4987          2 0.0000e+00
        587     22.500     9.1518  34.097232     1.8583     1.8800    93.8929 1.7083e+01    31.6756    24.4930     4.3933    31.8250     9.1966    24.4977          2 0.0000e+00
        589     23.000     9.1461  34.093047     1.8560     1.8264    93.9443 1.5921e+01    31.6762    24.4943     4.3862    31.8256     9.1908    24.4990          1 0.0000e+00
        591     23.500     9.1421  34.102305     1.8519     1.7772    93.7439 1.4852e+01    31.6891    24.5050     4.3725    31.8385     9.1865    24.5096          2 0.0000e+00
        592     24.000     9.1605  34.137795     1.8472     1.7256    93.8964 1.3863e+01    31.7091    24.5178     4.3544    31.8586     9.2045    24.5224          2 0.0000e+00
        594     24.500     9.1774  34.160846     1.8423     1.6332    94.0320 1.2993e+01    31.7176    24.5218     4.3370    31.8671     9.2214    24.5264          1 0.0000e+00
        596     25.000     9.1903  34.179402     1.8369     1.6160    94.1052 1.2221e+01    31.7250    24.5257     4.3185    31.8746     9.2341    24.5303          2 0.0000e+00
        597     25.500     9.2048  34.197002     1.8330     1.5626    94.1084 1.1395e+01    31.7300    24.5273     4.3051    31.8797     9.2485    24.5319          2 0.0000e+00
        599     26.000     9.2237  34.229788     1.8277     1.4979    94.0547 1.0631e+01    31.7467    24.5375     4.2864    31.8964     9.2672    24.5421          1 0.0000e+00
        601     26.500     9.2570  34.271577     1.8237     1.4892    94.0254 9.9386e+00    31.7598    24.5425     4.2702    31.9097     9.3004    24.5471          2 0.0000e+00
        602     27.000     9.2656  34.283800     1.8190     1.4823    94.0037 9.2792e+00    31.7646    24.5449     4.2554    31.9144     9.3088    24.5494          2 0.0000e+00
        604     27.500     9.2757  34.308395     1.8142     1.4994    93.9739 8.7063e+00    31.7806    24.5559     4.2404    31.9305     9.3187    24.5604          1 0.0000e+00
        606     28.000     9.2903  34.329917     1.8121     1.4480    93.8952 8.2086e+00    31.7895    24.5605     4.2338    31.9394     9.3331    24.5651          2 0.0000e+00
        607     28.500     9.2766  34.312955     1.8107     1.4986    93.8810 7.6917e+00    31.7841    24.5584     4.2318    31.9340     9.3194    24.5630          2 0.0000e+00
        609     29.000     9.2493  34.293473     1.8097     1.4620    93.8462 7.1817e+00    31.7881    24.5658     4.2309    31.9380     9.2919    24.5704          2 0.0000e+00
        611     29.500     9.2400  34.297090     1.8071     1.4812    93.8143 6.6853e+00    31.8000    24.5765     4.2216    31.9499     9.2823    24.5810          1 0.0000e+00
        613     30.000     9.2569  34.318757     1.8042     1.4620    93.7517 6.2822e+00    31.8069    24.5794     4.2082    31.9570     9.2991    24.5839          2 0.0000e+00
        614     30.500     9.2574  34.307582     1.7961     1.4221    93.7065 5.8922e+00    31.7948    24.5699     4.1800    31.9448     9.2997    24.5743          2 0.0000e+00
        616     31.000     9.2076  34.256444     1.7880     1.3919    93.5769 5.5477e+00    31.7863    24.5710     4.1586    31.9362     9.2498    24.5754          2 0.0000e+00
        618     31.500     9.1627  34.230387     1.7775     1.3615    93.5447 5.2164e+00    31.7992    24.5881     4.1298    31.9492     9.2045    24.5925          1 0.0000e+00
        620     32.000     9.1492  34.221313     1.7704     1.3313    93.6737 4.8668e+00    31.8017    24.5921     4.1102    31.9517     9.1910    24.5965          2 0.0000e+00
        622     32.500     9.1450  34.239985     1.7636     1.3106    93.7471 4.5630e+00    31.8245    24.6106     4.0910    31.9745     9.1863    24.6150          2 0.0000e+00
        623     33.000     9.1812  34.298578     1.7590     1.2888    93.7004 4.2576e+00    31.8524    24.6268     4.0737    32.0026     9.2220    24.6312          2 0.0000e+00
        625     33.500     9.2288  34.365921     1.7558     1.2607    93.5521 3.9764e+00    31.8790    24.6402     4.0597    32.0294     9.2693    24.6447          1 0.0000e+00
        627     34.000     9.2829  34.421430     1.7511     1.2688    93.3843 3.7183e+00    31.8876    24.6385     4.0398    32.0380     9.3233    24.6429          2 0.0000e+00
        628     34.500     9.2750  34.412986     1.7475     1.2126    93.2852 3.4973e+00    31.8857    24.6383     4.0296    32.0361     9.3154    24.6427          2 0.0000e+00
        630     35.000     9.2491  34.406770     1.7433     1.2082    93.2480 3.2768e+00    31.9022    24.6553     4.0191    32.0527     9.2891    24.6597          1 0.0000e+00
        632     35.500     9.2506  34.423494     1.7399     1.1879    93.0418 3.0466e+00    31.9179    24.6672     4.0093    32.0684     9.2903    24.6716          2 0.0000e+00
        633     36.000     9.2560  34.433835     1.7375     1.1911    92.9050 2.8390e+00    31.9235    24.6707     4.0030    32.0740     9.2956    24.6752          2 0.0000e+00
        635     36.500     9.2511  34.434243     1.7374     1.1546    92.9001 2.6400e+00    31.9281    24.6752     4.0054    32.0787     9.2905    24.6796          1 0.0000e+00
        637     37.000     9.2455  34.440412     1.7374     1.1667    92.7455 2.4713e+00    31.9392    24.6847     4.0073    32.0898     9.2847    24.6891          2 0.0000e+00
        638     37.500     9.2495  34.458155     1.7391     1.1495    92.6782 2.3032e+00    31.9538    24.6954     4.0134    32.1044     9.2883    24.6999          2 0.0000e+00
        640     38.000     9.2599  34.476739     1.7399     1.1741    92.6583 2.1674e+00    31.9633    24.7013     4.0158    32.1140     9.2986    24.7057          1 0.0000e+00
        642     38.500     9.2629  34.480171     1.7432     1.1364    92.6582 2.0060e+00    31.9639    24.7013     4.0264    32.1146     9.3015    24.7057          2 0.0000e+00
        643     39.000     9.2425  34.465311     1.7456     1.1244    92.6704 1.8593e+00    31.9666    24.7066     4.0356    32.1174     9.2810    24.7111          2 0.0000e+00
        645     39.500     9.2154  34.456855     1.7472     1.1393    92.5545 1.7211e+00    31.9820    24.7229     4.0420    32.1328     9.2534    24.7273          1 0.0000e+00
        647     40.000     9.1973  34.459084     1.7478     1.1306    92.4642 1.5985e+00    32.0004    24.7401     4.0449    32.1513     9.2349    24.7445          2 0.0000e+00
        648     40.500     9.1890  34.457254     1.7478     1.1236    92.3862 1.4838e+00    32.0057    24.7456     4.0454    32.1566     9.2265    24.7500          2 0.0000e+00
        650     41.000     9.1819  34.451830     1.7484     1.1227    92.3362 1.3739e+00    32.0063    24.7471     4.0482    32.1572     9.2193    24.7515          1 0.0000e+00
        652     41.500     9.1649  34.441724     1.7491     1.1227    92.2742 1.2993e+00    32.0108    24.7534     4.0519    32.1618     9.2021    24.7578          2 0.0000e+00
        653     42.000     9.1567  34.444248     1.7496     1.1310    92.2559 1.1962e+00    32.0206    24.7623     4.0534    32.1716     9.1936    24.7667          2 0.0000e+00
        655     42.500     9.1632  34.454611     1.7481     1.1239    92.2207 1.1028e+00    32.0252    24.7649     4.0473    32.1762     9.2000    24.7693          2 0.0000e+00
        657     43.000     9.1696  34.461496     1.7472     1.1227    92.1754 1.0302e+00    32.0264    24.7648     4.0436    32.1774     9.2064    24.7692          1 0.0000e+00
        659     43.500     9.1663  34.460512     1.7465     1.1227    92.2200 9.3860e-01    32.0280    24.7667     4.0421    32.1791     9.2030    24.7711          2 0.0000e+00
        660     44.000     9.1627  34.457481     1.7443     1.1386    92.2149 8.7519e-01    32.0279    24.7671     4.0355    32.1790     9.1993    24.7715          2 0.0000e+00
        662     44.500     9.1531  34.446266     1.7447     1.1398    92.2285 8.2524e-01    32.0249    24.7662     4.0381    32.1759     9.1897    24.7706          1 0.0000e+00
        664     45.000     9.1421  34.443121     1.7427     1.1208    92.1536 7.6753e-01    32.0312    24.7729     4.0333    32.1823     9.1785    24.7773          2 0.0000e+00
        665     45.500     9.1489  34.458412     1.7418     1.1304    92.0642 7.0616e-01    32.0407    24.7792     4.0300    32.1918     9.1851    24.7836          2 0.0000e+00
        667     46.000     9.1617  34.473272     1.7411     1.1231    92.0665 6.4725e-01    32.0443    24.7801     4.0269    32.1954     9.1978    24.7845          1 0.0000e+00
        669     46.500     9.1528  34.465793     1.7411     1.1137    92.1806 5.9915e-01    32.0443    24.7815     4.0282    32.1954     9.1888    24.7859          2 0.0000e+00
        670     47.000     9.1251  34.453412     1.7401     1.1068    92.1284 5.5101e-01    32.0562    24.7951     4.0278    32.2074     9.1608    24.7995          2 0.0000e+00
        672     47.500     9.1068  34.451312     1.7399     1.1212    92.0471 5.0920e-01    32.0704    24.8090     4.0292    32.2215     9.1421    24.8134          1 0.0000e+00
        674     48.000     9.0947  34.451495     1.7399     1.1047    91.8705 4.7583e-01    32.0812    24.8194     4.0307    32.2325     9.1297    24.8238          2 0.0000e+00
        675     48.500     9.0797  34.447863     1.7399     1.1288    91.8912 4.3214e-01    32.0907    24.8292     4.0326    32.2420     9.1145    24.8336          2 0.0000e+00
        677     49.000     9.0673  34.446330     1.7404     1.1175    91.8277 3.9794e-01    32.1000    24.8384     4.0353    32.2514     9.1019    24.8428          2 0.0000e+00
