CTD-bamfield-project/processed/bam221003.cnv
* Sea-Bird SBE25 Data File:
* FileName = C:\Users\Winkler\Documents\CTD data\Bamfield 2022\hex\bam221003.hex
* Software Version 1.59
* Temperature SN = 4194
* Conductivity SN = 2155
* System UpLoad Time = Feb 23 2022 13:50:10
** Station: KF
** Depth: 37 m
** Latitude: 48 52.709 N
** Longitude: 125 05.203 W
** PDT (Time): Feb 23 2022 10:02
** Cruise: Bamfield 2022 Day 4 Chemistry
# nquan = 16
# nvalues = 73                          
# units = specified
# name 0 = scan: Scan Count
# name 1 = prSM: Pressure, Strain Gauge [db]
# name 2 = t090C: Temperature [ITS-90, deg C]
# name 3 = c0mS/cm: Conductivity [mS/cm]
# name 4 = sbeox0V: Oxygen raw, SBE 43 [V]
# name 5 = wetStar: Fluorescence, WET Labs WETstar [mg/m^3]
# name 6 = xmiss: Beam Transmission, Chelsea/Seatech [%]
# name 7 = par: PAR/Irradiance, Biospherical/Licor
# name 8 = sal00: Salinity, Practical [PSU]
# name 9 = sigma-é00: Density [sigma-theta, kg/m^3]
# name 10 = sbeox0ML/L: Oxygen, SBE 43 [ml/l], WS = 2
# name 11 = gsw_srA0: Reference Salinity [g/kg]
# name 12 = gsw_ctA0: Conservative Temperature [ITS-90, deg C]
# name 13 = gsw_sigma0A0: density, TEOS-10 [sigma-0, kg/m^3 ]
# name 14 = nbin: number of scans per bin
# name 15 = flag: flag
# span 0 =        548,       2510       
# span 1 =      1.000,     37.000       
# span 2 =     7.2112,     9.3445       
# span 3 =  29.765079,  34.440659       
# span 4 =     1.7095,     2.1405       
# span 5 =     1.1003,     3.2173       
# span 6 =    92.6803,    94.2209       
# span 7 = 1.4091e+00, 2.6581e+02       
# span 8 =    28.8137,    31.8931       
# span 9 =    22.5241,    24.6407       
# span 10 =     3.9139,     5.6505      
# span 11 =    28.9495,    32.0435      
# span 12 =     7.2907,     9.3882      
# span 13 =    22.5275,    24.6451      
# span 14 =          3,        526      
# span 15 = 0.0000e+00, 0.0000e+00      
# interval = decibars: 0.5              
# start_time = Feb 23 2022 10:59:00 [Instrument's time stamp, header]
# bad_flag = -9.990e-29
*END*
        548      1.000     7.2112  29.765079     2.1405     2.5177    93.2243 2.6581e+02    28.8137    22.5241     5.6505    28.9495     7.2907    22.5275        182 0.0000e+00
        705      1.500     7.8944  30.970573     2.1122     3.2173    92.9247 2.0387e+02    29.5175    22.9863     5.4078    29.6567     7.9688    22.9902          6 0.0000e+00
        691      2.000     8.1903  31.711490     2.0808     2.7317    92.8650 1.7538e+02    30.0428    23.3567     5.2518    30.1845     8.2586    23.3609          5 0.0000e+00
        696      2.500     8.5630  32.474921     2.0576     2.4691    92.8256 1.5146e+02    30.5199    23.6771     5.1091    30.6638     8.6260    23.6816          4 0.0000e+00
        700      3.000     8.7082  32.870082     2.0207     2.3208    92.8915 1.3528e+02    30.8048    23.8788     4.9559    30.9501     8.7674    23.8834          4 0.0000e+00
        704      3.500     8.5475  32.850612     1.9818     1.9356    93.1804 1.2192e+02    30.9245    23.9962     4.8482    31.0704     8.6039    24.0008          4 0.0000e+00
        707      4.000     8.9441  33.654243     1.9531     1.7807    93.4641 1.1224e+02    31.4097    24.3165     4.7004    31.5579     8.9944    24.3213          4 0.0000e+00
        711      4.500     9.1851  33.971689     1.9310     1.7670    93.5503 1.0373e+02    31.5246    24.3694     4.6040    31.6732     9.2345    24.3744          3 0.0000e+00
        714      5.000     9.2175  34.015409     1.9151     1.7308    93.8537 9.5893e+01    31.5408    24.3771     4.5536    31.6895     9.2666    24.3821          3 0.0000e+00
        717      5.500     9.2349  34.035577     1.9037     1.7012    93.8895 9.0180e+01    31.5459    24.3784     4.5189    31.6946     9.2840    24.3834          3 0.0000e+00
        720      6.000     9.2404  34.042620     1.8962     1.7946    93.8486 8.4068e+01    31.5481    24.3792     4.4966    31.6968     9.2895    24.3842          4 0.0000e+00
        724      6.500     9.2396  34.044569     1.8892     1.7749    93.7929 7.7726e+01    31.5506    24.3814     4.4748    31.6994     9.2885    24.3863          3 0.0000e+00
        727      7.000     9.2397  34.048807     1.8812     1.8046    93.7784 7.2739e+01    31.5546    24.3845     4.4485    31.7034     9.2886    24.3894          3 0.0000e+00
        730      7.500     9.2426  34.054515     1.8719     1.7164    93.7778 6.8056e+01    31.5578    24.3865     4.4182    31.7066     9.2913    24.3914          3 0.0000e+00
        733      8.000     9.2530  34.075480     1.8616     1.6285    93.7876 6.3367e+01    31.5698    24.3943     4.3854    31.7187     9.3015    24.3992          3 0.0000e+00
        737      8.500     9.2867  34.144643     1.8537     1.6043    93.8008 5.8868e+01    31.6109    24.4212     4.3580    31.7600     9.3346    24.4261          4 0.0000e+00
        740      9.000     9.3131  34.199088     1.8486     1.6806    93.6624 5.5135e+01    31.6432    24.4423     4.3401    31.7924     9.3605    24.4472          3 0.0000e+00
        743      9.500     9.3203  34.223151     1.8441     1.6129    93.6614 5.1447e+01    31.6613    24.4553     4.3262    31.8107     9.3673    24.4603          3 0.0000e+00
        747     10.000     9.3206  34.230168     1.8425     1.6442    93.5850 4.8050e+01    31.6681    24.4606     4.3221    31.8175     9.3675    24.4655          4 0.0000e+00
        750     10.500     9.3206  34.232416     1.8414     1.5845    93.4916 4.5232e+01    31.6702    24.4622     4.3191    31.8195     9.3674    24.4670          3 0.0000e+00
        753     11.000     9.3209  34.236041     1.8397     1.5998    93.5324 4.2139e+01    31.6734    24.4647     4.3137    31.8227     9.3676    24.4696          3 0.0000e+00
        756     11.500     9.3211  34.237683     1.8377     1.6067    93.5784 3.9235e+01    31.6747    24.4657     4.3079    31.8240     9.3677    24.4706          3 0.0000e+00
        759     12.000     9.3212  34.239073     1.8372     1.6012    93.5716 3.6775e+01    31.6758    24.4665     4.3071    31.8252     9.3678    24.4714          3 0.0000e+00
        762     12.500     9.3216  34.240688     1.8363     1.6456    93.6117 3.4661e+01    31.6769    24.4674     4.3048    31.8263     9.3681    24.4722          3 0.0000e+00
        765     13.000     9.3215  34.241386     1.8369     1.6090    93.5672 3.2405e+01    31.6775    24.4679     4.3068    31.8269     9.3678    24.4727          3 0.0000e+00
        768     13.500     9.3218  34.243183     1.8361     1.5591    93.5918 3.0277e+01    31.6788    24.4688     4.3042    31.8282     9.3681    24.4737          4 0.0000e+00
        772     14.000     9.3228  34.247767     1.8349     1.5513    93.6133 2.8460e+01    31.6824    24.4715     4.3000    31.8318     9.3691    24.4764          3 0.0000e+00
        775     14.500     9.3243  34.253503     1.8330     1.5215    93.6317 2.6551e+01    31.6868    24.4747     4.2938    31.8362     9.3704    24.4796          3 0.0000e+00
        778     15.000     9.3244  34.256948     1.8317     1.4821    93.6346 2.4820e+01    31.6900    24.4772     4.2900    31.8395     9.3704    24.4820          3 0.0000e+00
        781     15.500     9.3252  34.261173     1.8304     1.4602    93.6428 2.3100e+01    31.6934    24.4797     4.2859    31.8428     9.3711    24.4846          3 0.0000e+00
        791     16.000     9.3264  34.265218     1.8276     1.4693    93.6008 2.1593e+01    31.6963    24.4818     4.2777    31.8457     9.3722    24.4867         25 0.0000e+00
       2002     16.500     9.3271  34.283190     1.8213     1.5367    94.2209 2.1404e+01    31.7139    24.4955     4.2597    31.8634     9.3726    24.5003        336 0.0000e+00
       1339     17.000     9.3321  34.289213     1.8230     1.4652    93.7294 1.9366e+01    31.7154    24.4958     4.2635    31.8649     9.3775    24.5007          6 0.0000e+00
       1349     17.500     9.3324  34.289810     1.8230     1.4613    93.6609 1.8125e+01    31.7155    24.4959     4.2630    31.8651     9.3777    24.5008          5 0.0000e+00
       1354     18.000     9.3326  34.291010     1.8207     1.4366    93.7075 1.6935e+01    31.7163    24.4965     4.2554    31.8659     9.3779    24.5014          5 0.0000e+00
       1359     18.500     9.3334  34.294242     1.8190     1.4163    93.6842 1.5836e+01    31.7188    24.4983     4.2500    31.8683     9.3786    24.5032          5 0.0000e+00
       1364     19.000     9.3364  34.303116     1.8154     1.4450    93.6431 1.4835e+01    31.7250    24.5027     4.2376    31.8746     9.3814    24.5076          4 0.0000e+00
       1368     19.500     9.3386  34.311011     1.8123     1.3937    93.7207 1.3831e+01    31.7309    24.5070     4.2280    31.8805     9.3835    24.5119          5 0.0000e+00
       1373     20.000     9.3419  34.321814     1.8095     1.3746    93.6993 1.2998e+01    31.7389    24.5127     4.2188    31.8886     9.3866    24.5176          4 0.0000e+00
       1377     20.500     9.3413  34.329586     1.8064     1.3524    93.6643 1.2157e+01    31.7472    24.5193     4.2090    31.8969     9.3858    24.5242          4 0.0000e+00
       1381     21.000     9.3412  34.333503     1.8031     1.3535    93.5786 1.1370e+01    31.7511    24.5224     4.1985    31.9008     9.3856    24.5272          4 0.0000e+00
       1385     21.500     9.3417  34.336054     1.7985     1.3414    93.5233 1.0679e+01    31.7531    24.5238     4.1833    31.9028     9.3860    24.5287          5 0.0000e+00
       1389     22.000     9.3415  34.336494     1.7929     1.3562    93.5983 9.9566e+00    31.7534    24.5242     4.1654    31.9032     9.3858    24.5289          3 0.0000e+00
       1393     22.500     9.3419  34.342732     1.7881     1.2693    93.6060 9.3073e+00    31.7592    24.5286     4.1510    31.9090     9.3860    24.5334          4 0.0000e+00
       1397     23.000     9.3445  34.366371     1.7839     1.2674    93.5548 8.7303e+00    31.7810    24.5453     4.1377    31.9309     9.3882    24.5501          4 0.0000e+00
       1401     23.500     9.3444  34.369094     1.7805     1.2680    93.4852 8.1256e+00    31.7837    24.5473     4.1276    31.9335     9.3880    24.5521          4 0.0000e+00
       1405     24.000     9.3342  34.369143     1.7777     1.2768    93.4018 7.6208e+00    31.7925    24.5559     4.1204    31.9424     9.3775    24.5606          4 0.0000e+00
       1408     24.500     9.3291  34.368319     1.7762     1.2598    93.4282 7.1306e+00    31.7960    24.5594     4.1161    31.9459     9.3723    24.5641          3 0.0000e+00
       1411     25.000     9.3286  34.369355     1.7734     1.2721    93.3197 6.6306e+00    31.7973    24.5605     4.1071    31.9472     9.3718    24.5652          3 0.0000e+00
       1415     25.500     9.3267  34.368971     1.7700     1.2414    93.3091 6.2017e+00    31.7984    24.5617     4.0959    31.9484     9.3697    24.5664          4 0.0000e+00
       1418     26.000     9.3250  34.369469     1.7657     1.2480    93.3295 5.8217e+00    31.8002    24.5634     4.0821    31.9502     9.3680    24.5680          3 0.0000e+00
       1421     26.500     9.3218  34.371240     1.7609     1.2185    93.3393 5.4327e+00    31.8047    24.5674     4.0676    31.9546     9.3646    24.5720          3 0.0000e+00
       1424     27.000     9.3180  34.373854     1.7570     1.2133    93.3193 5.0505e+00    31.8105    24.5726     4.0563    31.9605     9.3606    24.5772          3 0.0000e+00
       1428     27.500     9.3130  34.385137     1.7532     1.2035    93.2465 4.7280e+00    31.8264    24.5858     4.0448    31.9764     9.3553    24.5903          4 0.0000e+00
       1431     28.000     9.3115  34.387477     1.7501     1.1968    93.2494 4.4222e+00    31.8298    24.5887     4.0356    31.9799     9.3537    24.5933          3 0.0000e+00
       1434     28.500     9.3122  34.392335     1.7469     1.1716    93.1901 4.1063e+00    31.8340    24.5918     4.0260    31.9841     9.3543    24.5964          3 0.0000e+00
       1438     29.000     9.3128  34.395650     1.7448     1.1870    93.0935 3.8408e+00    31.8367    24.5939     4.0202    31.9868     9.3547    24.5984          4 0.0000e+00
       1441     29.500     9.3125  34.398824     1.7437     1.1855    93.0630 3.6044e+00    31.8399    24.5964     4.0172    31.9901     9.3544    24.6010          3 0.0000e+00
       1444     30.000     9.3129  34.400393     1.7424     1.1795    93.0057 3.3698e+00    31.8410    24.5972     4.0130    31.9911     9.3547    24.6017          3 0.0000e+00
       1447     30.500     9.3145  34.399060     1.7406     1.1617    93.0141 3.1283e+00    31.8380    24.5946     4.0075    31.9881     9.3563    24.5991          4 0.0000e+00
       1451     31.000     9.3141  34.398597     1.7392     1.1727    93.0564 2.9065e+00    31.8376    24.5944     4.0038    31.9877     9.3559    24.5989          4 0.0000e+00
       1792     31.500     9.3169  34.440659     1.7175     1.1173    92.9185 2.6082e+00    31.8781    24.6256     3.9353    32.0284     9.3580    24.6301        526 0.0000e+00
       1979     32.000     9.3153  34.437231     1.7192     1.1397    92.8340 2.4012e+00    31.8758    24.6241     3.9411    32.0262     9.3563    24.6286          4 0.0000e+00
       1985     32.500     9.3151  34.438041     1.7192     1.1339    92.8190 2.2315e+00    31.8766    24.6248     3.9412    32.0270     9.3560    24.6293          3 0.0000e+00
       1989     33.000     9.3146  34.437802     1.7189     1.1262    92.7748 2.0608e+00    31.8766    24.6248     3.9402    32.0269     9.3555    24.6293          4 0.0000e+00
       1993     33.500     9.3144  34.437998     1.7186     1.1131    92.8517 1.9200e+00    31.8768    24.6250     3.9398    32.0271     9.3552    24.6295          4 0.0000e+00
       1997     34.000     9.3131  34.438481     1.7186     1.1187    92.8677 1.7944e+00    31.8782    24.6263     3.9401    32.0285     9.3539    24.6308          4 0.0000e+00
       2002     34.500     9.3078  34.439540     1.7180     1.1104    92.8584 1.6484e+00    31.8838    24.6316     3.9387    32.0342     9.3483    24.6360         10 0.0000e+00
       2510     35.000     9.3033  34.437850     1.7126     1.1175    92.6803 1.9719e+00    31.8859    24.6339     3.9225    32.0362     9.3438    24.6384        244 0.0000e+00
       2377     35.500     9.3040  34.439160     1.7133     1.1021    92.7602 1.7533e+00    31.8863    24.6341     3.9247    32.0367     9.3444    24.6386          5 0.0000e+00
       2382     36.000     9.3038  34.439427     1.7127     1.1142    92.7342 1.6308e+00    31.8866    24.6344     3.9230    32.0369     9.3442    24.6388          6 0.0000e+00
       2387     36.500     9.3024  34.439639     1.7125     1.1003    92.7778 1.5166e+00    31.8878    24.6356     3.9229    32.0382     9.3427    24.6400          6 0.0000e+00
       2410     37.000     9.2962  34.439564     1.7095     1.1040    92.7045 1.4091e+00    31.8931    24.6407     3.9139    32.0435     9.3363    24.6451         36 0.0000e+00
