CTD-bamfield-project/processed/bam221004.cnv
* Sea-Bird SBE25 Data File:
* FileName = C:\Users\Winkler\Documents\CTD data\Bamfield 2022\hex\bam221004.hex
* Software Version 1.59
* Temperature SN = 4194
* Conductivity SN = 2155
* System UpLoad Time = Feb 23 2022 13:52:48
** Station: Coastal
** Depth: 37 m
** Latitude: 48 52.129 N
** Longitude: 125 05.906 W
** PDT (Time): Feb 23 2022 10:54
** Cruise: Bamfield 2022 Day 4 Chemistry
# nquan = 16
# nvalues = 74                          
# units = specified
# name 0 = scan: Scan Count
# name 1 = prSM: Pressure, Strain Gauge [db]
# name 2 = t090C: Temperature [ITS-90, deg C]
# name 3 = c0mS/cm: Conductivity [mS/cm]
# name 4 = sbeox0V: Oxygen raw, SBE 43 [V]
# name 5 = wetStar: Fluorescence, WET Labs WETstar [mg/m^3]
# name 6 = xmiss: Beam Transmission, Chelsea/Seatech [%]
# name 7 = par: PAR/Irradiance, Biospherical/Licor
# name 8 = sal00: Salinity, Practical [PSU]
# name 9 = sigma-é00: Density [sigma-theta, kg/m^3]
# name 10 = sbeox0ML/L: Oxygen, SBE 43 [ml/l], WS = 2
# name 11 = gsw_srA0: Reference Salinity [g/kg]
# name 12 = gsw_ctA0: Conservative Temperature [ITS-90, deg C]
# name 13 = gsw_sigma0A0: density, TEOS-10 [sigma-0, kg/m^3 ]
# name 14 = nbin: number of scans per bin
# name 15 = flag: flag
# span 0 =        496,       2110       
# span 1 =      1.000,     37.500       
# span 2 =     8.1146,     9.3186       
# span 3 =  31.961838,  34.380623       
# span 4 =     1.6828,     2.0332       
# span 5 =     1.2874,     2.1089       
# span 6 =    91.4875,    94.5560       
# span 7 = 3.2703e+00, 9.9157e+01       
# span 8 =    30.3725,    31.8917       
# span 9 =    23.6262,    24.6636       
# span 10 =     3.8365,     5.1064      
# span 11 =    30.5157,    32.0421      
# span 12 =     8.1776,     9.3611      
# span 13 =    23.6305,    24.6680      
# span 14 =          2,        531      
# span 15 = 0.0000e+00, 0.0000e+00      
# interval = decibars: 0.5              
# start_time = Feb 23 2022 11:50:27 [Instrument's time stamp, header]
# bad_flag = -9.990e-29
*END*
        496      1.000     8.1146  31.961838     2.0332     1.3410    94.2420 6.6967e+01    30.3725    23.6262     5.1064    30.5157     8.1776    23.6305          4 0.0000e+00
        512      1.500     8.4961  32.410076     2.0214     1.9710    94.2293 5.4914e+01    30.5109    23.6797     5.0167    30.6547     8.5590    23.6842         12 0.0000e+00
        519      2.000     8.5042  32.437842     2.0147     1.6983    94.1550 5.2087e+01    30.5325    23.6954     4.9919    30.6764     8.5667    23.7000          6 0.0000e+00
        525      2.500     8.4123  32.586722     2.0017     1.7284    94.1522 5.1442e+01    30.7675    23.8929     4.9492    30.9126     8.4707    23.8974          5 0.0000e+00
        530      3.000     8.5658  32.878490     1.9845     1.7663    94.1193 5.3721e+01    30.9377    24.0038     4.8702    31.0836     8.6222    24.0084          5 0.0000e+00
        535      3.500     8.7469  33.166037     1.9741     1.7556    94.0326 5.5893e+01    31.0779    24.0867     4.8144    31.2244     8.8018    24.0914          5 0.0000e+00
        539      4.000     8.8000  33.256089     1.9671     1.7823    93.9738 5.8900e+01    31.1247    24.1154     4.7840    31.2714     8.8543    24.1201          4 0.0000e+00
        543      4.500     8.8001  33.281774     1.9570     1.8130    93.9494 6.2345e+01    31.1509    24.1359     4.7500    31.2979     8.8540    24.1407          4 0.0000e+00
        547      5.000     8.8059  33.333598     1.9468     1.7705    93.9671 6.5176e+01    31.1994    24.1730     4.7161    31.3466     8.8590    24.1777          4 0.0000e+00
        551      5.500     8.9556  33.652305     1.9396     1.7836    93.9743 6.7146e+01    31.3973    24.3052     4.6716    31.5454     9.0060    24.3100          4 0.0000e+00
        555      6.000     9.0050  33.736658     1.9330     1.8279    93.9315 7.0050e+01    31.4408    24.3317     4.6443    31.5890     9.0548    24.3365          3 0.0000e+00
        559      6.500     9.0040  33.748378     1.9276     1.8712    93.9824 7.3309e+01    31.4535    24.3418     4.6274    31.6018     9.0536    24.3466          4 0.0000e+00
        562      7.000     9.0538  33.828221     1.9219     1.9146    94.0005 7.6523e+01    31.4918    24.3641     4.6033    31.6402     9.1029    24.3689          4 0.0000e+00
        566      7.500     9.1074  33.888769     1.9175     1.9313    93.9499 7.8855e+01    31.5066    24.3675     4.5837    31.6552     9.1564    24.3723          3 0.0000e+00
        569      8.000     9.1211  33.907271     1.9131     1.9890    93.9151 8.1202e+01    31.5134    24.3706     4.5687    31.6620     9.1700    24.3755          4 0.0000e+00
        573      8.500     9.1465  33.937845     1.9099     2.0064    93.8288 8.4644e+01    31.5222    24.3736     4.5565    31.6709     9.1953    24.3785          3 0.0000e+00
        577      9.000     9.1542  33.947506     1.9070     2.0487    93.9638 8.7359e+01    31.5251    24.3747     4.5466    31.6737     9.2030    24.3795          4 0.0000e+00
        580      9.500     9.1528  33.947519     1.9046     2.0699    94.0612 8.7534e+01    31.5262    24.3758     4.5396    31.6748     9.2014    24.3806          3 0.0000e+00
        584     10.000     9.1414  33.940248     1.9017     2.0586    94.1631 9.4035e+01    31.5285    24.3794     4.5319    31.6772     9.1899    24.3841          4 0.0000e+00
        587     10.500     9.1349  33.946979     1.8994     2.1089    94.1901 9.9157e+01    31.5410    24.3901     4.5260    31.6897     9.1831    24.3949          3 0.0000e+00
        591     11.000     9.1542  33.967099     1.8983     2.0925    94.2173 9.5504e+01    31.5445    24.3899     4.5203    31.6932     9.2024    24.3946          4 0.0000e+00
        594     11.500     9.1615  33.975234     1.8957     2.0737    94.2260 9.3314e+01    31.5461    24.3901     4.5109    31.6949     9.2097    24.3949          3 0.0000e+00
        598     12.000     9.1616  33.976279     1.8923     2.0803    94.2446 8.6666e+01    31.5469    24.3906     4.5000    31.6956     9.2097    24.3954          4 0.0000e+00
        601     12.500     9.1537  33.972744     1.8886     2.0433    94.3398 7.8978e+01    31.5500    24.3943     4.4894    31.6988     9.2017    24.3991          3 0.0000e+00
        605     13.000     9.1534  34.001215     1.8859     2.0916    94.3524 7.6408e+01    31.5794    24.4173     4.4806    31.7283     9.2009    24.4221          4 0.0000e+00
        608     13.500     9.1580  34.026861     1.8831     2.0376    94.2192 7.0436e+01    31.6016    24.4340     4.4710    31.7506     9.2050    24.4388          3 0.0000e+00
        612     14.000     9.1508  34.021207     1.8815     2.0327    94.3828 6.5039e+01    31.6018    24.4353     4.4678    31.7509     9.1978    24.4401          4 0.0000e+00
        615     14.500     9.1465  34.018450     1.8793     2.0489    94.4029 6.1248e+01    31.6026    24.4366     4.4612    31.7516     9.1934    24.4413          4 0.0000e+00
        619     15.000     9.1414  34.015663     1.8780     2.0677    94.4048 5.7455e+01    31.6041    24.4385     4.4585    31.7531     9.1882    24.4433          3 0.0000e+00
        622     15.500     9.1384  34.015012     1.8770     2.0252    94.4511 5.3456e+01    31.6057    24.4403     4.4562    31.7548     9.1851    24.4451          4 0.0000e+00
        747     16.000     9.1408  34.021899     1.8740     2.0029    94.4735 5.0631e+01    31.6105    24.4437     4.4469    31.7596     9.1874    24.4485        340 0.0000e+00
        976     16.500     9.1449  34.030221     1.8711     2.0034    94.5560 5.1197e+01    31.6153    24.4468     4.4375    31.7644     9.1913    24.4516          6 0.0000e+00
        972     17.000     9.1458  34.032309     1.8706     1.9990    94.4821 4.7334e+01    31.6164    24.4475     4.4357    31.7655     9.1922    24.4523          4 0.0000e+00
        977     17.500     9.1471  34.036359     1.8694     1.9603    94.5124 4.4538e+01    31.6193    24.4496     4.4320    31.7684     9.1933    24.4543          4 0.0000e+00
        981     18.000     9.1500  34.043374     1.8691     1.9777    94.5260 4.1600e+01    31.6237    24.4526     4.4307    31.7728     9.1962    24.4573          4 0.0000e+00
        984     18.500     9.1526  34.048173     1.8678     1.9606    94.5390 3.9193e+01    31.6261    24.4540     4.4265    31.7752     9.1987    24.4588          4 0.0000e+00
        988     19.000     9.1524  34.049051     1.8669     1.9377    94.5392 3.7508e+01    31.6270    24.4548     4.4242    31.7761     9.1984    24.4595          3 0.0000e+00
        991     19.500     9.1561  34.055061     1.8666     1.9389    94.5196 3.5626e+01    31.6297    24.4563     4.4230    31.7789     9.2020    24.4611          4 0.0000e+00
        995     20.000     9.1588  34.058063     1.8657     1.9097    94.5212 3.3915e+01    31.6301    24.4563     4.4197    31.7793     9.2046    24.4610          3 0.0000e+00
        998     20.500     9.1603  34.060322     1.8642     1.9006    94.5059 3.2083e+01    31.6309    24.4567     4.4149    31.7801     9.2061    24.4614          4 0.0000e+00
       1002     21.000     9.1627  34.063427     1.8636     1.9477    94.4773 3.0559e+01    31.6317    24.4570     4.4134    31.7809     9.2085    24.4617          3 0.0000e+00
       1005     21.500     9.1790  34.084100     1.8621     1.8908    94.4659 2.8598e+01    31.6384    24.4596     4.4066    31.7876     9.2246    24.4643          4 0.0000e+00
       1009     22.000     9.1886  34.091773     1.8609     1.8809    94.4590 2.6682e+01    31.6375    24.4575     4.4016    31.7867     9.2342    24.4622          3 0.0000e+00
       1012     22.500     9.1868  34.092184     1.8587     1.8685    94.4681 2.5190e+01    31.6393    24.4591     4.3945    31.7885     9.2324    24.4638          3 0.0000e+00
       1016     23.000     9.1874  34.097268     1.8559     1.8278    94.4451 2.3452e+01    31.6439    24.4626     4.3851    31.7931     9.2328    24.4673          4 0.0000e+00
       1019     23.500     9.1938  34.106851     1.8516     1.7912    94.4238 2.1875e+01    31.6478    24.4648     4.3689    31.7971     9.2391    24.4694          3 0.0000e+00
       1022     24.000     9.2110  34.129489     1.8438     1.7715    94.4321 2.0505e+01    31.6556    24.4681     4.3405    31.8049     9.2562    24.4728          3 0.0000e+00
       1025     24.500     9.1922  34.117135     1.8351     1.7142    94.5360 1.9273e+01    31.6594    24.4740     4.3154    31.8087     9.2373    24.4786          4 0.0000e+00
       1029     25.000     9.1859  34.129557     1.8284     1.6801    94.4923 1.8055e+01    31.6776    24.4892     4.2955    31.8269     9.2305    24.4938          3 0.0000e+00
       1032     25.500     9.2170  34.181685     1.8224     1.6654    94.3441 1.6898e+01    31.7034    24.5046     4.2741    31.8529     9.2612    24.5092          3 0.0000e+00
       1035     26.000     9.2260  34.198715     1.8184     1.6330    94.1128 1.5963e+01    31.7127    24.5105     4.2613    31.8622     9.2701    24.5150          3 0.0000e+00
       1038     26.500     9.2147  34.201947     1.8147     1.6035    93.9011 1.5050e+01    31.7258    24.5225     4.2503    31.8754     9.2585    24.5271          3 0.0000e+00
       1041     27.000     9.2133  34.206248     1.8099     1.5962    93.7135 1.4059e+01    31.7313    24.5270     4.2355    31.8809     9.2569    24.5316          3 0.0000e+00
       1044     27.500     9.2226  34.223713     1.8064     1.5485    93.7204 1.3097e+01    31.7408    24.5330     4.2239    31.8904     9.2661    24.5375          2 0.0000e+00
       1046     28.000     9.2286  34.230920     1.8030     1.5176    93.7554 1.2382e+01    31.7426    24.5335     4.2127    31.8923     9.2720    24.5380          3 0.0000e+00
       1049     28.500     9.2348  34.242558     1.8000     1.5157    93.7603 1.1589e+01    31.7489    24.5374     4.2025    31.8986     9.2780    24.5419          3 0.0000e+00
       1052     29.000     9.2442  34.255601     1.7958     1.5104    93.6824 1.0818e+01    31.7537    24.5397     4.1874    31.9034     9.2874    24.5442          3 0.0000e+00
       1055     29.500     9.2584  34.271000     1.7901     1.5206    93.6549 1.0115e+01    31.7568    24.5399     4.1671    31.9065     9.3015    24.5444          3 0.0000e+00
       1058     30.000     9.2734  34.292436     1.7836     1.5068    93.6386 9.4955e+00    31.7652    24.5442     4.1450    31.9150     9.3163    24.5487          2 0.0000e+00
       1060     30.500     9.2913  34.307569     1.7779     1.5041    93.6643 8.8608e+00    31.7646    24.5409     4.1257    31.9144     9.3344    24.5454          3 0.0000e+00
       1063     31.000     9.2896  34.308815     1.7726     1.5113    93.5826 8.1962e+00    31.7672    24.5433     4.1111    31.9170     9.3324    24.5477          4 0.0000e+00
       1264     31.500     9.3038  34.327250     1.7482     1.4791    93.4529 7.7642e+00    31.7733    24.5458     4.0357    31.9232     9.3465    24.5503        418 0.0000e+00
       1486     32.000     9.3186  34.354760     1.7298     1.3795    93.3795 7.4211e+00    31.7882    24.5551     3.9736    31.9381     9.3611    24.5596          6 0.0000e+00
       1491     32.500     9.3163  34.373029     1.7242     1.3542    93.3055 6.9259e+00    31.8088    24.5716     3.9556    31.9588     9.3583    24.5761          4 0.0000e+00
       1496     33.000     9.3055  34.380623     1.7175     1.3517    93.2924 6.4266e+00    31.8260    24.5867     3.9337    31.9761     9.3472    24.5912          5 0.0000e+00
       1500     33.500     9.2938  34.377906     1.7093     1.3368    93.1593 6.0332e+00    31.8334    24.5943     3.9095    31.9835     9.3353    24.5988          4 0.0000e+00
       1505     34.000     9.2761  34.372963     1.7034     1.3231    93.0583 5.5686e+00    31.8438    24.6052     3.8939    31.9940     9.3173    24.6097          4 0.0000e+00
       1509     34.500     9.2570  34.372082     1.6998     1.2964    92.9342 5.1797e+00    31.8598    24.6208     3.8848    32.0100     9.2978    24.6252          5 0.0000e+00
       1514     35.000     9.2372  34.375249     1.6976     1.2874    92.5808 4.7859e+00    31.8804    24.6400     3.8806    32.0308     9.2775    24.6445          5 0.0000e+00
       1944     35.500     9.2247  34.364426     1.6828     1.3131    91.9733 4.4554e+00    31.8803    24.6418     3.8365    32.0306     9.2649    24.6463        531 0.0000e+00
       2063     36.000     9.2035  34.351127     1.6839     1.3246    92.0535 4.2103e+00    31.8853    24.6490     3.8414    32.0356     9.2435    24.6535          4 0.0000e+00
       2054     36.500     9.1859  34.338431     1.6838     1.3236    92.0060 3.8970e+00    31.8878    24.6538     3.8431    32.0381     9.2257    24.6581          4 0.0000e+00
       2057     37.000     9.1717  34.325217     1.6838     1.3195    91.8271 3.5925e+00    31.8866    24.6551     3.8447    32.0369     9.2115    24.6595          4 0.0000e+00
       2110     37.500     9.1423  34.304949     1.6850     1.3326    91.4875 3.2703e+00    31.8917    24.6636     3.8514    32.0421     9.1819    24.6680        131 0.0000e+00
