CTD-bamfield-project/processed/D2.cnv
* Sea-Bird SBE25 Data File:
* FileName = C:\Users\Winkler\Documents\CTD data\Bamfield 2022\hex\bam221009.hex
* Software Version 1.59
* Temperature SN = 4194
* Conductivity SN = 2155
* System UpLoad Time = Feb 25 2022 14:14:38
** Station: N1
** Depth: 31 m
** Latitude: 48 49.872 N
** Longitude: 125 09.357 W
** PDT (Time): Feb 24 2022 16:21
** Cruise: Bamfield 2022 project day 1
# nquan = 16
# nvalues = 54                          
# units = specified
# name 0 = scan: Scan Count
# name 1 = prSM: Pressure, Strain Gauge [db]
# name 2 = t090C: Temperature [ITS-90, deg C]
# name 3 = c0mS/cm: Conductivity [mS/cm]
# name 4 = sbeox0V: Oxygen raw, SBE 43 [V]
# name 5 = wetStar: Fluorescence, WET Labs WETstar [mg/m^3]
# name 6 = xmiss: Beam Transmission, Chelsea/Seatech [%]
# name 7 = par: PAR/Irradiance, Biospherical/Licor
# name 8 = sal00: Salinity, Practical [PSU]
# name 9 = sigma-é00: Density [sigma-theta, kg/m^3]
# name 10 = sbeox0ML/L: Oxygen, SBE 43 [ml/l], WS = 2
# name 11 = gsw_srA0: Reference Salinity [g/kg]
# name 12 = gsw_ctA0: Conservative Temperature [ITS-90, deg C]
# name 13 = gsw_sigma0A0: density, TEOS-10 [sigma-0, kg/m^3 ]
# name 14 = nbin: number of scans per bin
# name 15 = flag: flag
# span 0 =        515,        643       
# span 1 =      1.000,     27.500       
# span 2 =     7.9856,     8.7178       
# span 3 =  30.745159,  33.715094       
# span 4 =     1.9152,     2.3702       
# span 5 =     2.4916,     6.3991       
# span 6 =    89.3248,    91.3211       
# span 7 = 9.1598e-01, 4.5279e+02       
# span 8 =    28.9184,    31.6643       
# span 9 =    22.4565,    24.5504       
# span 10 =     4.6215,     6.2370      
# span 11 =    29.0547,    31.8136      
# span 12 =     8.0323,     8.7607      
# span 13 =    22.4604,    24.5547      
# span 14 =          1,         30      
# span 15 = 0.0000e+00, 0.0000e+00      
# interval = decibars: 0.5              
# start_time = Feb 24 2022 17:14:56 [Instrument's time stamp, header]
# bad_flag = -9.990e-29
*END*
        515      1.000     8.3296  30.745159     2.3702     4.9461    90.3047 4.5279e+02    28.9184    22.4565     6.2370    29.0547     8.4162    22.4604         30 0.0000e+00
        532      1.500     8.3311  30.750229     2.3639     5.5786    90.2847 2.7317e+02    28.9222    22.4593     6.2151    29.0586     8.4176    22.4632          3 0.0000e+00
        536      2.000     8.3732  31.063530     2.3620     5.4508    90.3479 2.7295e+02    29.2129    22.6810     6.1888    29.3507     8.4554    22.6850          4 0.0000e+00
        539      2.500     8.4061  31.344946     2.3546     5.5963    90.1473 2.3322e+02    29.4779    22.8839     6.1453    29.6169     8.4846    22.8880          3 0.0000e+00
        541      3.000     8.3580  31.624009     2.3457     5.7027    90.1987 1.6179e+02    29.8089    23.1499     6.1080    29.9494     8.4309    23.1540          2 0.0000e+00
        544      3.500     8.2595  31.817849     2.3366     5.8670    89.8678 1.5123e+02    30.0949    23.3879     6.0819    30.2368     8.3273    23.3921          2 0.0000e+00
        546      4.000     8.2241  31.989749     2.3279     6.2937    89.9041 1.4057e+02    30.3052    23.5577     6.0511    30.4481     8.2884    23.5619          2 0.0000e+00
        548      4.500     8.2215  32.392535     2.3210     5.7618    89.9633 1.3218e+02    30.7299    23.8909     6.0139    30.8748     8.2793    23.8952          2 0.0000e+00
        550      5.000     8.2519  32.615286     2.3146     6.3991    89.7715 1.0289e+02    30.9371    24.0489     5.9820    31.0830     8.3066    24.0533          2 0.0000e+00
        552      5.500     8.2514  32.695577     2.3101     6.0943    89.6474 8.3652e+01    31.0217    24.1153     5.9656    31.1679     8.3047    24.1197          2 0.0000e+00
        553      6.000     8.2431  32.727377     2.3051     5.3464    89.4521 7.6796e+01    31.0622    24.1484     5.9503    31.2087     8.2956    24.1527          2 0.0000e+00
        555      6.500     8.2065  32.726404     2.3014     6.1631    89.4053 7.0619e+01    31.0933    24.1780     5.9435    31.2399     8.2584    24.1823          1 0.0000e+00
        557      7.000     8.1755  32.740153     2.2978     5.2718    89.3742 6.1832e+01    31.1351    24.2151     5.9364    31.2820     8.2265    24.2195          2 0.0000e+00
        559      7.500     8.1740  32.759046     2.2953     5.5592    89.3656 5.3005e+01    31.1561    24.2319     5.9289    31.3030     8.2246    24.2362          2 0.0000e+00
        561      8.000     8.1598  32.753198     2.2936     5.9048    89.3248 4.6787e+01    31.1623    24.2387     5.9258    31.3092     8.2103    24.2430          2 0.0000e+00
        563      8.500     8.1326  32.747538     2.2912     5.5714    89.3399 4.2252e+01    31.1803    24.2567     5.9220    31.3273     8.1826    24.2609          2 0.0000e+00
        564      9.000     8.1201  32.742394     2.2889     5.7786    89.3908 3.8089e+01    31.1858    24.2629     5.9169    31.3328     8.1699    24.2671          2 0.0000e+00
        566      9.500     8.1144  32.739767     2.2872     5.8539    89.4273 3.4156e+01    31.1878    24.2653     5.9126    31.3349     8.1641    24.2695          2 0.0000e+00
        568     10.000     8.1065  32.737272     2.2857     5.4613    89.4598 2.9983e+01    31.1920    24.2697     5.9095    31.3391     8.1560    24.2739          1 0.0000e+00
        570     10.500     8.0933  32.734824     2.2836     5.2047    89.5084 2.6024e+01    31.2009    24.2786     5.9040    31.3480     8.1427    24.2828          2 0.0000e+00
        572     11.000     8.0812  32.734799     2.2826     5.2977    89.5155 2.3049e+01    31.2115    24.2885     5.9023    31.3586     8.1302    24.2928          2 0.0000e+00
        574     11.500     8.0736  32.738899     2.2796     5.3631    89.7055 2.0866e+01    31.2223    24.2982     5.8935    31.3695     8.1224    24.3024          2 0.0000e+00
        575     12.000     8.0688  32.735777     2.2779     4.8257    89.6529 1.9066e+01    31.2231    24.2995     5.8892    31.3704     8.1175    24.3037          2 0.0000e+00
        577     12.500     8.0572  32.730471     2.2763     4.7809    89.7685 1.7427e+01    31.2276    24.3047     5.8856    31.3749     8.1058    24.3089          2 0.0000e+00
        579     13.000     8.0507  32.729197     2.2736     4.8289    89.8343 1.5732e+01    31.2319    24.3089     5.8780    31.3792     8.0991    24.3131          1 0.0000e+00
        581     13.500     8.0462  32.729373     2.2714     4.9399    89.8060 1.4030e+01    31.2358    24.3127     5.8714    31.3831     8.0945    24.3169          2 0.0000e+00
        583     14.000     8.0492  32.728300     2.2691     4.9611    89.8649 1.2493e+01    31.2318    24.3091     5.8640    31.3790     8.0975    24.3133          2 0.0000e+00
        584     14.500     8.0517  32.728526     2.2664     4.7676    89.8763 1.1225e+01    31.2296    24.3070     5.8553    31.3768     8.1000    24.3112          2 0.0000e+00
        586     15.000     8.0482  32.729547     2.2646     4.9608    89.8656 1.0174e+01    31.2336    24.3106     5.8505    31.3809     8.0964    24.3148          2 0.0000e+00
        588     15.500     8.0447  32.730496     2.2624     5.1629    89.9751 9.2877e+00    31.2374    24.3142     5.8445    31.3847     8.0928    24.3184          1 0.0000e+00
        590     16.000     8.0399  32.731274     2.2603     4.9387    90.0202 8.5704e+00    31.2423    24.3187     5.8387    31.3897     8.0878    24.3229          2 0.0000e+00
        592     16.500     8.0246  32.728108     2.2594     5.1107    90.0394 7.7075e+00    31.2524    24.3287     5.8380    31.3998     8.0723    24.3329          2 0.0000e+00
        593     17.000     8.0207  32.730100     2.2577     4.9185    90.0000 6.9330e+00    31.2578    24.3335     5.8320    31.4052     8.0682    24.3377          2 0.0000e+00
        595     17.500     8.0256  32.732774     2.2554     5.3883    90.0953 6.2512e+00    31.2561    24.3315     5.8218    31.4034     8.0731    24.3357          2 0.0000e+00
        597     18.000     8.0217  32.731209     2.2498     5.2191    89.9864 5.6616e+00    31.2577    24.3333     5.8003    31.4051     8.0691    24.3375          2 0.0000e+00
        599     18.500     8.0089  32.726691     2.2412     5.4118    90.1447 5.1920e+00    31.2641    24.3402     5.7707    31.4115     8.0561    24.3443          2 0.0000e+00
        601     19.000     7.9923  32.723946     2.2302     5.0096    90.0437 4.8140e+00    31.2758    24.3517     5.7344    31.4233     8.0392    24.3559          1 0.0000e+00
        603     19.500     7.9856  32.728977     2.2201     5.6036    90.0350 4.3696e+00    31.2869    24.3614     5.7008    31.4344     8.0323    24.3655          2 0.0000e+00
        605     20.000     7.9956  32.745118     2.2090     4.7597    89.8585 3.9346e+00    31.2947    24.3661     5.6635    31.4423     8.0422    24.3702          2 0.0000e+00
        606     20.500     8.0284  32.804189     2.1983     4.8546    89.8173 3.5267e+00    31.3277    24.3873     5.6243    31.4754     8.0746    24.3915          2 0.0000e+00
        608     21.000     8.1033  32.903917     2.1882     4.3180    89.8100 3.1560e+00    31.3660    24.4066     5.5817    31.5138     8.1491    24.4108          1 0.0000e+00
        610     21.500     8.2049  33.016681     2.1805     4.6206    89.8767 2.8126e+00    31.3938    24.4140     5.5433    31.5418     8.2507    24.4182          2 0.0000e+00
        612     22.000     8.2582  33.063901     2.1715     4.1331    90.0758 2.5807e+00    31.3957    24.4077     5.5076    31.5437     8.3042    24.4119          2 0.0000e+00
        614     22.500     8.2565  33.069264     2.1618     4.1016    90.5863 2.3587e+00    31.4027    24.4135     5.4741    31.5507     8.3022    24.4177          3 0.0000e+00
        616     23.000     8.2597  33.081886     2.1496     4.0589    90.5640 2.1021e+00    31.4128    24.4210     5.4286    31.5609     8.3053    24.4251          2 0.0000e+00
        619     23.500     8.2599  33.089339     2.1272     3.8074    90.4873 1.9219e+00    31.4203    24.4268     5.3473    31.5685     8.3053    24.4310          3 0.0000e+00
        622     24.000     8.2695  33.115778     2.0935     3.7807    90.6181 1.7564e+00    31.4393    24.4402     5.2297    31.5875     8.3146    24.4444          2 0.0000e+00
        624     24.500     8.3126  33.199889     2.0590     3.4412    90.5584 1.6154e+00    31.4890    24.4730     5.1104    31.6375     8.3570    24.4772          3 0.0000e+00
        627     25.000     8.4177  33.337098     2.0253     3.2960    90.9814 1.4660e+00    31.5387    24.4966     4.9900    31.6875     8.4617    24.5008          3 0.0000e+00
        629     25.500     8.5113  33.486692     1.9963     2.9329    90.9411 1.3339e+00    31.6115    24.5398     4.8875    31.7606     8.5544    24.5441          2 0.0000e+00
        632     26.000     8.6788  33.660729     1.9743     2.8066    90.9884 1.2144e+00    31.6431    24.5397     4.8012    31.7924     8.7220    24.5440          3 0.0000e+00
        634     26.500     8.7012  33.687888     1.9560     2.6286    91.1133 1.1143e+00    31.6512    24.5427     4.7441    31.8005     8.7444    24.5470          2 0.0000e+00
        637     27.000     8.7095  33.703881     1.9401     2.4916    91.3211 1.0238e+00    31.6602    24.5485     4.6960    31.8095     8.7524    24.5528          3 0.0000e+00
        643     27.500     8.7178  33.715094     1.9152     2.5538    91.2944 9.1598e-01    31.6643    24.5504     4.6215    31.8136     8.7607    24.5547          9 0.0000e+00
