CTD-bamfield-project/processed/N1.cnv
* Sea-Bird SBE25 Data File:
* FileName = C:\Users\Winkler\Documents\CTD data\Bamfield 2022\hex\bam221008.hex
* Software Version 1.59
* Temperature SN = 4194
* Conductivity SN = 2155
* System UpLoad Time = Feb 25 2022 14:13:21
** Station: D2
** Depth: 65 m
** Latitude: 48 50.243 N
** Longitude: 125 09.322 W
** PDT (Time): Feb 24 2022 16:07
** Cruise: Bamfield 2022 project day 1
# nquan = 16
# nvalues = 120                         
# units = specified
# name 0 = scan: Scan Count
# name 1 = prSM: Pressure, Strain Gauge [db]
# name 2 = t090C: Temperature [ITS-90, deg C]
# name 3 = c0mS/cm: Conductivity [mS/cm]
# name 4 = sbeox0V: Oxygen raw, SBE 43 [V]
# name 5 = wetStar: Fluorescence, WET Labs WETstar [mg/m^3]
# name 6 = xmiss: Beam Transmission, Chelsea/Seatech [%]
# name 7 = par: PAR/Irradiance, Biospherical/Licor
# name 8 = sal00: Salinity, Practical [PSU]
# name 9 = sigma-é00: Density [sigma-theta, kg/m^3]
# name 10 = sbeox0ML/L: Oxygen, SBE 43 [ml/l], WS = 2
# name 11 = gsw_srA0: Reference Salinity [g/kg]
# name 12 = gsw_ctA0: Conservative Temperature [ITS-90, deg C]
# name 13 = gsw_sigma0A0: density, TEOS-10 [sigma-0, kg/m^3 ]
# name 14 = nbin: number of scans per bin
# name 15 = flag: flag
# span 0 =        530,        938       
# span 1 =      1.000,     60.500       
# span 2 =     7.9703,     8.9579       
# span 3 =  30.705144,  34.150523       
# span 4 =     1.6416,     2.3738       
# span 5 =     1.3673,     8.6790       
# span 6 =    86.0604,    92.2747       
# span 7 = -1.749e-04, 6.4131e+02       
# span 8 =    28.8941,    32.0878       
# span 9 =    22.4405,    24.8796       
# span 10 =     3.7585,     6.2117      
# span 11 =    29.0304,    32.2391      
# span 12 =     8.0194,     8.9989      
# span 13 =    22.4444,    24.8839      
# span 14 =          2,         82      
# span 15 = 0.0000e+00, 0.0000e+00      
# interval = decibars: 0.5              
# start_time = Feb 24 2022 17:00:59 [Instrument's time stamp, header]
# bad_flag = -9.990e-29
*END*
[from data line 91]
        844     46.500     8.6884  34.021957     1.7415     1.4589    90.1040 1.0000e-12    32.0022    24.8198     4.0784    32.1532     8.7237    24.8239          3 0.0000e+00
        847     47.000     8.6655  34.007854     1.7423     1.4473    89.9006 1.0000e-12    32.0081    24.8278     4.0819    32.1590     8.7006    24.8320          2 0.0000e+00
        849     47.500     8.6562  33.996316     1.7405     1.4475    89.8295 1.0000e-12    32.0041    24.8261     4.0748    32.1551     8.6913    24.8302          3 0.0000e+00
        852     48.000     8.6142  33.953518     1.7357     1.4789    89.8960 1.0000e-12    31.9973    24.8271     4.0621    32.1482     8.6492    24.8312          3 0.0000e+00
        855     48.500     8.5990  33.954100     1.7300     1.4945    89.8906 1.0000e-12    32.0113    24.8404     4.0443    32.1623     8.6337    24.8445          3 0.0000e+00
        858     49.000     8.6260  33.992395     1.7241     1.5211    89.6615 1.0000e-12    32.0267    24.8484     4.0223    32.1778     8.6604    24.8525          3 0.0000e+00
        861     49.500     8.6494  34.019622     1.7182     1.5066    89.6483 1.0000e-12    32.0337    24.8503     4.0012    32.1848     8.6838    24.8545          2 0.0000e+00
        863     50.000     8.6600  34.033498     1.7131     1.4328    89.3862 1.0000e-12    32.0385    24.8525     3.9838    32.1896     8.6942    24.8567          3 0.0000e+00
        866     50.500     8.6608  34.037277     1.7070     1.4309    89.2170 1.0000e-12    32.0414    24.8547     3.9639    32.1925     8.6950    24.8589          3 0.0000e+00
        869     51.000     8.6636  34.044057     1.7002     1.4097    88.9729 1.0000e-12    32.0458    24.8576     3.9419    32.1969     8.6977    24.8618          3 0.0000e+00
        872     51.500     8.6757  34.063377     1.6937     1.4433    88.9020 1.0000e-12    32.0548    24.8629     3.9202    32.2059     8.7096    24.8671          3 0.0000e+00
        874     52.000     8.6902  34.080421     1.6875     1.4310    88.5725 1.0000e-12    32.0592    24.8642     3.8994    32.2104     8.7240    24.8684          2 0.0000e+00
        877     52.500     8.6963  34.090439     1.6826     1.4085    88.3496 1.0000e-12    32.0640    24.8670     3.8837    32.2151     8.7300    24.8712          3 0.0000e+00
        879     53.000     8.7023  34.100490     1.6788     1.4303    88.2519 1.0000e-12    32.0688    24.8699     3.8712    32.2200     8.7359    24.8741          2 0.0000e+00
        882     53.500     8.7117  34.114697     1.6727     1.4108    88.1796 1.0000e-12    32.0748    24.8732     3.8512    32.2261     8.7452    24.8775          3 0.0000e+00
        885     54.000     8.7197  34.124884     1.6676     1.4451    88.0987 1.0000e-12    32.0780    24.8745     3.8354    32.2292     8.7531    24.8787          3 0.0000e+00
        888     54.500     8.7268  34.135270     1.6655     1.3780    87.8978 1.0000e-12    32.0822    24.8767     3.8280    32.2335     8.7601    24.8810          3 0.0000e+00
        891     55.000     8.7348  34.144809     1.6601     1.3728    87.9295 1.0000e-12    32.0847    24.8775     3.8099    32.2360     8.7680    24.8818          3 0.0000e+00
        894     55.500     8.7363  34.146283     1.6570     1.3948    87.7186 1.0000e-12    32.0846    24.8771     3.8011    32.2359     8.7695    24.8814          3 0.0000e+00
        896     56.000     8.7347  34.144802     1.6550     1.3709    87.6874 1.0000e-12    32.0843    24.8771     3.7955    32.2356     8.7679    24.8814          2 0.0000e+00
        899     56.500     8.7340  34.146701     1.6524     1.3673    87.7178 1.0000e-12    32.0867    24.8792     3.7877    32.2380     8.7670    24.8835          3 0.0000e+00
        902     57.000     8.7370  34.150523     1.6501     1.3874    87.7273 1.0000e-12    32.0878    24.8795     3.7809    32.2391     8.7700    24.8839          4 0.0000e+00
        905     57.500     8.7365  34.150184     1.6489     1.3960    87.6221 1.0000e-12    32.0876    24.8796     3.7773    32.2389     8.7694    24.8839          2 0.0000e+00
        908     58.000     8.7353  34.149199     1.6473     1.4024    87.2619 1.0000e-12    32.0875    24.8796     3.7721    32.2388     8.7682    24.8839          3 0.0000e+00
        911     58.500     8.7284  34.139148     1.6449     1.4549    87.1357 1.0000e-12    32.0830    24.8772     3.7658    32.2343     8.7613    24.8815          3 0.0000e+00
        914     59.000     8.7168  34.127731     1.6436     1.4594    87.0340 1.0000e-12    32.0814    24.8776     3.7637    32.2327     8.7496    24.8820          3 0.0000e+00
        917     59.500     8.7149  34.127143     1.6433     1.4714    86.8650 1.0000e-12    32.0823    24.8786     3.7631    32.2336     8.7476    24.8830          3 0.0000e+00
        921     60.000     8.7158  34.127923     1.6421     1.4386    86.0604 1.0000e-12    32.0820    24.8783     3.7598    32.2333     8.7485    24.8827          4 0.0000e+00
        938     60.500     8.7192  34.132193     1.6416     1.4356    86.2808 1.0000e-12    32.0832    24.8787     3.7585    32.2345     8.7518    24.8831         28 0.0000e+00
