data/CTD-bamfield-project/processed/bam221010.cnv
* Sea-Bird SBE25 Data File:
* FileName = C:\Users\Winkler\Documents\CTD data\Bamfield 2022\hex\bam221010.hex
* Software Version 1.59
* Temperature SN = 4194
* Conductivity SN = 2155
* System UpLoad Time = Feb 25 2022 14:15:47
** Station: IE
** Depth: 91 m
** Latitude: 48 52.815 N
** Longitude: 125 13.221 W
** PDT (Time): Feb 25 2022 09:11
** Cruise: Bamfield 2022 project day 2
# nquan = 16
# nvalues = 170                         
# units = specified
# name 0 = scan: Scan Count
# name 1 = prSM: Pressure, Strain Gauge [db]
# name 2 = t090C: Temperature [ITS-90, deg C]
# name 3 = c0mS/cm: Conductivity [mS/cm]
# name 4 = sbeox0V: Oxygen raw, SBE 43 [V]
# name 5 = wetStar: Fluorescence, WET Labs WETstar [mg/m^3]
# name 6 = xmiss: Beam Transmission, Chelsea/Seatech [%]
# name 7 = par: PAR/Irradiance, Biospherical/Licor
# name 8 = sal00: Salinity, Practical [PSU]
# name 9 = sigma-é00: Density [sigma-theta, kg/m^3]
# name 10 = sbeox0ML/L: Oxygen, SBE 43 [ml/l], WS = 2
# name 11 = gsw_srA0: Reference Salinity [g/kg]
# name 12 = gsw_ctA0: Conservative Temperature [ITS-90, deg C]
# name 13 = gsw_sigma0A0: density, TEOS-10 [sigma-0, kg/m^3 ]
# name 14 = nbin: number of scans per bin
# name 15 = flag: flag
# span 0 =        538,       2092       
# span 1 =      1.000,     85.500       
# span 2 =     7.6229,     8.7271       
# span 3 =  30.755989,  34.206619       
# span 4 =     1.6774,     2.9976       
# span 5 =     1.1003,    43.1736       
# span 6 =    67.5130,    93.2136       
# span 7 = -3.569e-05, 7.1828e+01       
# span 8 =    29.5197,    32.6055       
# span 9 =    23.0243,    25.3625       
# span 10 =     3.9202,     8.4145      
# span 11 =    29.6589,    32.7592      
# span 12 =     7.6955,     8.7616      
# span 13 =    23.0281,    25.3672      
# span 14 =          3,        144      
# span 15 = 0.0000e+00, 0.0000e+00      
# interval = decibars: 0.5              
# start_time = Feb 25 2022 10:09:50 [Instrument's time stamp, header]
# bad_flag = -9.990e-29
*END*
[from data line 91]
       1002     46.500     8.6134  34.039020     1.9523     1.1399    91.0462 1.0000e-12    32.0880    24.8982     4.7545    32.2393     8.6471    24.9024          3 0.0000e+00
       1006     47.000     8.5574  33.997548     1.9445     1.1616    91.0049 1.0000e-12    32.0953    24.9123     4.7359    32.2467     8.5907    24.9165          4 0.0000e+00
       1009     47.500     8.5408  33.986637     1.9383     1.1680    91.1479 1.0000e-12    32.0987    24.9175     4.7182    32.2501     8.5740    24.9216          3 0.0000e+00
       1012     48.000     8.5179  33.965450     1.9320     1.1851    91.2770 1.0000e-12    32.0971    24.9196     4.7018    32.2484     8.5510    24.9237          3 0.0000e+00
       1015     48.500     8.4878  33.940723     1.9280     1.3476    91.3141 1.0000e-12    32.0983    24.9251     4.6936    32.2496     8.5208    24.9292          3 0.0000e+00
       1018     49.000     8.4498  33.910647     1.9242     1.3693    91.4027 1.0000e-12    32.1011    24.9329     4.6865    32.2525     8.4826    24.9369          4 0.0000e+00
       1022     49.500     8.4286  33.900325     1.9203     1.2706    91.3850 1.0000e-12    32.1093    24.9425     4.6770    32.2607     8.4611    24.9465          3 0.0000e+00
       1026     50.000     8.4348  33.912067     1.9173     1.1957    91.4240 1.0000e-12    32.1158    24.9467     4.6670    32.2672     8.4671    24.9508          4 0.0000e+00
       1029     50.500     8.4364  33.912697     1.9142     1.2639    91.6339 1.0000e-12    32.1148    24.9457     4.6569    32.2662     8.4687    24.9498          3 0.0000e+00
       1032     51.000     8.4317  33.909275     1.9117     1.1962    91.5297 1.0000e-12    32.1152    24.9467     4.6494    32.2666     8.4640    24.9508          3 0.0000e+00
       1036     51.500     8.4310  33.910440     1.9078     1.2308    91.5504 1.0000e-12    32.1169    24.9481     4.6372    32.2684     8.4632    24.9522          4 0.0000e+00
       1039     52.000     8.4110  33.896018     1.9052     1.2582    91.5477 1.0000e-12    32.1197    24.9533     4.6314    32.2711     8.4430    24.9574          3 0.0000e+00
       1042     52.500     8.4055  33.898107     1.9018     1.2307    91.5024 1.0000e-12    32.1267    24.9596     4.6212    32.2782     8.4374    24.9637          3 0.0000e+00
       1046     53.000     8.4031  33.905099     1.8993     1.2388    91.4437 1.0000e-12    32.1361    24.9673     4.6146    32.2876     8.4347    24.9714          4 0.0000e+00
       1050     53.500     8.3826  33.890627     1.8986     1.2203    91.5610 1.0000e-12    32.1392    24.9728     4.6157    32.2908     8.4141    24.9769          4 0.0000e+00
       1054     54.000     8.3784  33.891612     1.8989     1.2124    91.5566 1.0000e-12    32.1439    24.9771     4.6182    32.2955     8.4098    24.9812          4 0.0000e+00
       1057     54.500     8.3877  33.908094     1.8995     1.1834    91.6088 1.0000e-12    32.1525    24.9825     4.6179    32.3041     8.4189    24.9866          4 0.0000e+00
       1061     55.000     8.4410  33.973755     1.8975     1.1852    91.5934 1.0000e-12    32.1727    24.9904     4.6038    32.3244     8.4720    24.9946          3 0.0000e+00
       1064     55.500     8.4980  34.030891     1.8950     1.1785    91.4407 1.0000e-12    32.1805    24.9880     4.5893    32.3322     8.5289    24.9923          4 0.0000e+00
       1068     56.000     8.4753  34.015389     1.8921     1.2020    91.3672 1.0000e-12    32.1847    24.9948     4.5829    32.3365     8.5060    24.9990          4 0.0000e+00
       1072     56.500     8.4430  33.991941     1.8902     1.2281    91.1275 1.0000e-12    32.1893    25.0032     4.5816    32.3411     8.4735    25.0074          3 0.0000e+00
       1075     57.000     8.4253  33.985589     1.8900     1.2335    90.8964 1.0000e-12    32.1986    25.0131     4.5842    32.3504     8.4556    25.0173          4 0.0000e+00
       1079     57.500     8.4379  34.003678     1.8917     1.1904    90.8900 1.0000e-12    32.2059    25.0169     4.5890    32.3577     8.4680    25.0211          4 0.0000e+00
       1083     58.000     8.4461  34.020515     1.8927     1.2220    90.9038 1.0000e-12    32.2158    25.0235     4.5906    32.3677     8.4761    25.0277          4 0.0000e+00
       1087     58.500     8.5021  34.092925     1.8925     1.1347    90.8359 1.0000e-12    32.2405    25.0345     4.5820    32.3925     8.5318    25.0388          3 0.0000e+00
       1090     59.000     8.5762  34.165819     1.8904     1.1149    90.5762 1.0000e-12    32.2490    25.0301     4.5654    32.4010     8.6059    25.0344          4 0.0000e+00
       1094     59.500     8.5744  34.165860     1.8856     1.1058    90.3914 1.0000e-12    32.2505    25.0316     4.5490    32.4026     8.6040    25.0359          4 0.0000e+00
       1098     60.000     8.5414  34.141543     1.8805     1.1694    90.0642 1.0000e-12    32.2549    25.0399     4.5360    32.4070     8.5708    25.0443          3 0.0000e+00
       1101     60.500     8.5498  34.159356     1.8748     1.1231    89.4657 1.0000e-12    32.2657    25.0471     4.5162    32.4178     8.5791    25.0515          4 0.0000e+00
       1106     61.000     8.5244  34.133164     1.8677     1.1615    89.4912 1.0000e-12    32.2612    25.0474     4.4966    32.4133     8.5536    25.0518          5 0.0000e+00
       1110     61.500     8.4589  34.078121     1.8599     1.1888    89.3402 1.0000e-12    32.2631    25.0587     4.4780    32.4152     8.4878    25.0630          4 0.0000e+00
       1115     62.000     8.4146  34.048003     1.8510     1.2133    89.3193 1.0000e-12    32.2717    25.0720     4.4544    32.4239     8.4432    25.0763          4 0.0000e+00
       1119     62.500     8.4052  34.048250     1.8444     1.2908    89.3880 1.0000e-12    32.2804    25.0803     4.4353    32.4326     8.4336    25.0846          4 0.0000e+00
       1123     63.000     8.3930  34.048443     1.8392     1.2240    89.4758 1.0000e-12    32.2915    25.0908     4.4208    32.4438     8.4211    25.0951          4 0.0000e+00
       1127     63.500     8.3514  34.018647     1.8352     1.2433    89.5660 1.0000e-12    32.2981    25.1021     4.4128    32.4504     8.3792    25.1064          4 0.0000e+00
       1131     64.000     8.3051  33.981819     1.8317     1.2597    89.5478 1.0000e-12    32.3016    25.1116     4.4069    32.4539     8.3327    25.1159          4 0.0000e+00
       1134     64.500     8.2906  33.975220     1.8289     1.2367    89.9451 1.0000e-12    32.3077    25.1185     4.3996    32.4600     8.3181    25.1228          3 0.0000e+00
       1137     65.000     8.3007  33.988614     1.8254     1.2429    90.6498 1.0000e-12    32.3122    25.1207     4.3870    32.4646     8.3281    25.1250          3 0.0000e+00
       1141     65.500     8.3098  34.006529     1.8222     1.2596    91.3191 1.0000e-12    32.3227    25.1275     4.3754    32.4750     8.3369    25.1318          4 0.0000e+00
       1145     66.000     8.3232  34.034470     1.8176     1.2595    91.4226 1.0000e-12    32.3396    25.1388     4.3593    32.4921     8.3500    25.1431          4 0.0000e+00
       1149     66.500     8.3268  34.045142     1.8147     1.2364    91.5236 1.0000e-12    32.3473    25.1444     4.3502    32.4998     8.3535    25.1487          4 0.0000e+00
       1153     67.000     8.3280  34.052540     1.8121     1.2559    91.4114 1.0000e-12    32.3537    25.1492     4.3417    32.5063     8.3546    25.1536          4 0.0000e+00
       1157     67.500     8.3280  34.054533     1.8093     1.2420    91.2904 1.0000e-12    32.3556    25.1507     4.3329    32.5082     8.3545    25.1551          4 0.0000e+00
       1161     68.000     8.3282  34.058659     1.8062     1.2557    91.0921 1.0000e-12    32.3595    25.1537     4.3222    32.5121     8.3546    25.1581          4 0.0000e+00
       1165     68.500     8.3303  34.065981     1.8011     1.2599    91.0051 1.0000e-12    32.3651    25.1578     4.3051    32.5177     8.3566    25.1622          4 0.0000e+00
       1169     69.000     8.3284  34.071853     1.7970     1.3363    90.9370 1.0000e-12    32.3728    25.1641     4.2922    32.5254     8.3545    25.1685          4 0.0000e+00
       1173     69.500     8.3246  34.075281     1.7923     1.3517    90.7668 1.0000e-12    32.3797    25.1701     4.2773    32.5324     8.3505    25.1745          5 0.0000e+00
       1178     70.000     8.3234  34.077467     1.7863     1.2646    90.6588 1.0000e-12    32.3829    25.1728     4.2573    32.5356     8.3492    25.1772          4 0.0000e+00
       1182     70.500     8.3225  34.080810     1.7802     1.2724    90.2149 1.0000e-12    32.3870    25.1762     4.2378    32.5397     8.3482    25.1806          4 0.0000e+00
       1185     71.000     8.3202  34.083394     1.7755     1.2643    89.7173 1.0000e-12    32.3916    25.1802     4.2243    32.5444     8.3457    25.1846          4 0.0000e+00
       1189     71.500     8.3241  34.096475     1.7724     1.2253    89.5310 1.0000e-12    32.4017    25.1874     4.2146    32.5545     8.3494    25.1919          4 0.0000e+00
       1193     72.000     8.3251  34.103620     1.7699     1.2196    89.2071 1.0000e-12    32.4080    25.1922     4.2071    32.5608     8.3503    25.1967          3 0.0000e+00
       1197     72.500     8.3186  34.101360     1.7681     1.2077    88.6995 1.0000e-12    32.4114    25.1959     4.2025    32.5642     8.3436    25.2004          4 0.0000e+00
       1200     73.000     8.3155  34.100343     1.7670     1.1998    88.3920 1.0000e-12    32.4129    25.1976     4.1997    32.5658     8.3405    25.2020          4 0.0000e+00
       1204     73.500     8.3117  34.099567     1.7658     1.2161    87.9347 1.0000e-12    32.4154    25.2001     4.1966    32.5682     8.3366    25.2045          4 0.0000e+00
       1209     74.000     8.3056  34.099077     1.7657     1.2286    87.8970 1.0000e-12    32.4202    25.2048     4.1974    32.5731     8.3303    25.2093          5 0.0000e+00
       1213     74.500     8.3048  34.099300     1.7654     1.2583    87.9990 1.0000e-12    32.4210    25.2055     4.1970    32.5739     8.3295    25.2100          4 0.0000e+00
       1218     75.000     8.3036  34.099032     1.7652     1.2516    88.1624 1.0000e-12    32.4216    25.2061     4.1965    32.5745     8.3282    25.2106          6 0.0000e+00
       1223     75.500     8.3018  34.099365     1.7645     1.2307    88.3177 1.0000e-12    32.4234    25.2078     4.1946    32.5763     8.3264    25.2123          4 0.0000e+00
       1227     76.000     8.2986  34.102987     1.7642     1.2336    88.4880 1.0000e-12    32.4299    25.2135     4.1942    32.5829     8.3230    25.2180          4 0.0000e+00
       1232     76.500     8.2980  34.107110     1.7636     1.2294    88.5416 1.0000e-12    32.4346    25.2172     4.1917    32.5876     8.3222    25.2217          4 0.0000e+00
       1236     77.000     8.2987  34.116255     1.7621     1.2209    88.7116 1.0000e-12    32.4434    25.2240     4.1864    32.5964     8.3227    25.2285          4 0.0000e+00
       1240     77.500     8.2990  34.124694     1.7603     1.2124    88.8308 1.0000e-12    32.4518    25.2305     4.1803    32.6048     8.3229    25.2351          4 0.0000e+00
       1244     78.000     8.2993  34.132388     1.7581     1.2210    89.0446 1.0000e-12    32.4594    25.2365     4.1730    32.6125     8.3230    25.2410          4 0.0000e+00
       1248     78.500     8.2984  34.140749     1.7552     1.2333    89.1732 1.0000e-12    32.4688    25.2440     4.1634    32.6219     8.3219    25.2486          6 0.0000e+00
       1254     79.000     8.2966  34.144512     1.7504     1.2350    89.1212 1.0000e-12    32.4742    25.2485     4.1480    32.6274     8.3199    25.2531          7 0.0000e+00
       1605     79.500     8.2888  34.154201     1.7286     1.2326    88.3215 1.0000e-12    32.4915    25.2632     4.0805    32.6447     8.3118    25.2678         96 0.0000e+00
       1775     80.000     8.2862  34.162990     1.7228     1.2272    87.0850 1.0000e-12    32.5029    25.2725     4.0612    32.6561     8.3090    25.2771        121 0.0000e+00
       1840     80.500     8.2850  34.166406     1.7203     1.2386    86.8598 1.0000e-12    32.5074    25.2762     4.0525    32.6606     8.3077    25.2808          9 0.0000e+00
       1849     81.000     8.2833  34.171991     1.7169     1.2404    86.8143 1.0000e-12    32.5147    25.2822     4.0421    32.6680     8.3058    25.2868          9 0.0000e+00
       1859     81.500     8.2794  34.180083     1.7140     1.2303    86.6478 1.0000e-12    32.5265    25.2921     4.0331    32.6799     8.3017    25.2967         10 0.0000e+00
       1868     82.000     8.2699  34.184490     1.7120     1.2318    86.5485 1.0000e-12    32.5398    25.3039     4.0275    32.6932     8.2919    25.3085          8 0.0000e+00
       1884     82.500     8.2534  34.182259     1.7074     1.2540    86.7195 1.0000e-12    32.5525    25.3163     4.0136    32.7060     8.2750    25.3210         30 0.0000e+00
       1909     83.000     8.2320  34.192032     1.6927     1.2695    86.7271 1.0000e-12    32.5824    25.3429     3.9664    32.7360     8.2531    25.3475         14 0.0000e+00
       1919     83.500     8.2223  34.196834     1.6858     1.2660    85.9650 1.0000e-12    32.5963    25.3552     3.9454    32.7500     8.2431    25.3599          8 0.0000e+00
       1928     84.000     8.2215  34.201887     1.6813     1.2800    85.7459 1.0000e-12    32.6021    25.3599     3.9309    32.7558     8.2422    25.3646          7 0.0000e+00
       1934     84.500     8.2220  34.205692     1.6791     1.2626    84.8498 1.0000e-12    32.6055    25.3625     3.9250    32.7592     8.2426    25.3672          7 0.0000e+00
       1996     85.000     8.2235  34.206619     1.6774     1.2770    84.0187 1.0000e-12    32.6048    25.3618     3.9202    32.7586     8.2440    25.3665         98 0.0000e+00
       2092     85.500     8.2248  34.206222     1.6776     1.2461    83.9513 1.0000e-12    32.6030    25.3602     3.9210    32.7567     8.2452    25.3649          4 0.0000e+00
