data/CTD-bamfield-project/processed/bam221005.cnv
* Sea-Bird SBE25 Data File:
* FileName = C:\Users\Winkler\Documents\CTD data\Bamfield 2022\hex\bam221005.hex
* Software Version 1.59
* Temperature SN = 4194
* Conductivity SN = 2155
* System UpLoad Time = Feb 25 2022 14:04:32
** Station: SR2
** Depth: 152 m
** Latitude: 48 54.008 N
** Longitude: 125 02.214 W
** PDT (Time): Feb 24 2022 10:33
** Cruise: Bamfield 2022 Alta project day 1
# nquan = 16
# nvalues = 284                         
# units = specified
# name 0 = scan: Scan Count
# name 1 = prSM: Pressure, Strain Gauge [db]
# name 2 = t090C: Temperature [ITS-90, deg C]
# name 3 = c0mS/cm: Conductivity [mS/cm]
# name 4 = sbeox0V: Oxygen raw, SBE 43 [V]
# name 5 = wetStar: Fluorescence, WET Labs WETstar [mg/m^3]
# name 6 = xmiss: Beam Transmission, Chelsea/Seatech [%]
# name 7 = par: PAR/Irradiance, Biospherical/Licor
# name 8 = sal00: Salinity, Practical [PSU]
# name 9 = sigma-é00: Density [sigma-theta, kg/m^3]
# name 10 = sbeox0ML/L: Oxygen, SBE 43 [ml/l], WS = 2
# name 11 = gsw_srA0: Reference Salinity [g/kg]
# name 12 = gsw_ctA0: Conservative Temperature [ITS-90, deg C]
# name 13 = gsw_sigma0A0: density, TEOS-10 [sigma-0, kg/m^3 ]
# name 14 = nbin: number of scans per bin
# name 15 = flag: flag
# span 0 =        663,       2560       
# span 1 =      1.000,    142.500       
# span 2 =     7.5514,     9.3648       
# span 3 =  28.961575,  34.689535       
# span 4 =     0.7473,     2.3602       
# span 5 =     1.0475,     2.9980       
# span 6 =    84.8312,    93.8844       
# span 7 = 1.0000e-12, 9.7933e+02       
# span 8 =    27.6790,    32.7047       
# span 9 =    21.5889,    25.3795       
# span 10 =     0.8944,     6.3599      
# span 11 =    27.8095,    32.8590      
# span 12 =     7.6415,     9.4184      
# span 13 =    21.5920,    25.3857      
# span 14 =          1,        423      
# span 15 = 0.0000e+00, 0.0000e+00      
# interval = decibars: 0.5              
# start_time = Feb 24 2022 11:30:13 [Instrument's time stamp, header]
# bad_flag = -9.990e-29
*END*
        663      1.000     7.5704  29.055709     2.3392     2.4181    91.0877 9.7933e+02    27.7652    21.6544     6.3049    27.8961     7.6674    21.6576        423 0.0000e+00
        968      1.500     7.5538  28.961575     2.3602     2.8144    91.1991 6.8006e+02    27.6790    21.5889     6.3599    27.8095     7.6518    21.5920          7 0.0000e+00
        932      2.000     7.5514  29.491603     2.3028     2.9904    91.0116 7.3089e+02    28.2400    22.0295     6.1147    28.3732     7.6415    22.0327          3 0.0000e+00
        935      2.500     8.1493  30.970017     2.2497     2.8965    90.8405 5.3726e+02    29.3018    22.7819     5.8029    29.4400     8.2286    22.7858          3 0.0000e+00
        938      3.000     8.3580  31.215428     2.2059     2.8573    89.9628 4.8494e+02    29.3832    22.8165     5.6275    29.5217     8.4374    22.8205          2 0.0000e+00
        940      3.500     8.6539  32.009239     2.1669     2.8946    91.0996 4.5415e+02    29.9580    23.2239     5.4440    30.0992     8.7262    23.2283          2 0.0000e+00
        942      4.000     9.1708  33.021807     2.1348     2.9473    91.1497 3.6841e+02    30.5620    23.6194     5.2587    30.7062     9.2363    23.6242          2 0.0000e+00
        944      4.500     9.2510  33.225742     2.1090     2.8814    91.5289 3.4674e+02    30.7014    23.7158     5.1679    30.8461     9.3146    23.7207          2 0.0000e+00
        945      5.000     9.2760  33.538115     2.0880     2.8669    92.2700 2.9598e+02    30.9996    23.9450     5.0935    31.1457     9.3346    23.9499          2 0.0000e+00
        947      5.500     9.3126  33.723303     2.0691     2.8894    92.4650 2.7916e+02    31.1572    24.0625     5.0281    31.3041     9.3686    24.0675          2 0.0000e+00
        949      6.000     9.3452  33.833456     2.0529     2.9205    92.6520 2.3243e+02    31.2414    24.1232     4.9731    31.3887     9.3999    24.1282          2 0.0000e+00
        951      6.500     9.3648  33.918054     2.0390     2.9175    92.8750 1.9282e+02    31.3106    24.1743     4.9273    31.4582     9.4184    24.1792          1 0.0000e+00
        953      7.000     9.3591  33.932010     2.0248     2.9700    92.9719 2.1605e+02    31.3298    24.1901     4.8840    31.4775     9.4122    24.1951          2 0.0000e+00
        955      7.500     9.3027  33.880321     2.0127     2.9980    93.0129 2.1889e+02    31.3260    24.1960     4.8531    31.4737     9.3556    24.2008          2 0.0000e+00
        957      8.000     9.2424  33.858045     1.9988     2.9590    93.0355 1.6005e+02    31.3558    24.2287     4.8158    31.5037     9.2945    24.2335          2 0.0000e+00
        958      8.500     9.2588  33.914517     1.9863     2.9019    93.1263 1.5467e+02    31.3992    24.2601     4.7738    31.5472     9.3101    24.2649          2 0.0000e+00
        960      9.000     9.3019  33.963690     1.9739     2.7697    93.1285 1.3043e+02    31.4115    24.2630     4.7309    31.5596     9.3532    24.2678          2 0.0000e+00
        962      9.500     9.3108  33.983768     1.9631     2.6857    93.1176 1.2415e+02    31.4241    24.2714     4.6970    31.5723     9.3619    24.2763          2 0.0000e+00
        964     10.000     9.2922  33.991227     1.9527     2.6450    92.7517 1.2791e+02    31.4479    24.2929     4.6673    31.5962     9.3427    24.2978          1 0.0000e+00
        966     10.500     9.2737  34.013152     1.9442     2.5409    93.1444 1.0645e+02    31.4865    24.3260     4.6428    31.6350     9.3235    24.3308          2 0.0000e+00
        968     11.000     9.2907  34.068966     1.9356     2.4745    93.1776 9.9041e+01    31.5286    24.3562     4.6136    31.6772     9.3397    24.3611          2 0.0000e+00
        970     11.500     9.3320  34.129173     1.9271     2.3585    93.5148 9.0733e+01    31.5538    24.3694     4.5825    31.7025     9.3807    24.3743          2 0.0000e+00
        971     12.000     9.3323  34.129122     1.9204     2.2731    93.5301 8.4162e+01    31.5531    24.3689     4.5625    31.7019     9.3810    24.3739          2 0.0000e+00
        973     12.500     9.3038  34.124439     1.9137     2.2386    93.5546 7.6822e+01    31.5734    24.3892     4.5451    31.7222     9.3519    24.3940          2 0.0000e+00
        975     13.000     9.2859  34.142834     1.9074     2.1665    93.6220 7.2095e+01    31.6078    24.4190     4.5272    31.7569     9.3333    24.4238          2 0.0000e+00
        977     13.500     9.2782  34.164774     1.9025     2.1321    93.6775 6.7767e+01    31.6369    24.4429     4.5129    31.7861     9.3251    24.4478          1 0.0000e+00
        979     14.000     9.2798  34.176699     1.8972     2.0802    93.7597 6.0887e+01    31.6476    24.4510     4.4967    31.7968     9.3265    24.4558          2 0.0000e+00
        981     14.500     9.2839  34.185105     1.8928     2.0886    93.7753 5.5909e+01    31.6523    24.4540     4.4828    31.8016     9.3305    24.4589          2 0.0000e+00
        982     15.000     9.2878  34.196414     1.8889     2.0465    93.7072 5.2396e+01    31.6603    24.4597     4.4711    31.8095     9.3342    24.4645          2 0.0000e+00
        984     15.500     9.2886  34.202060     1.8849     2.0537    93.6692 4.9255e+01    31.6652    24.4634     4.4590    31.8145     9.3348    24.4682          2 0.0000e+00
        986     16.000     9.2892  34.207441     1.8819     2.0095    93.6659 4.5737e+01    31.6700    24.4671     4.4500    31.8193     9.3353    24.4719          2 0.0000e+00
        988     16.500     9.2904  34.212033     1.8785     1.9890    93.6770 4.2348e+01    31.6733    24.4695     4.4395    31.8227     9.3365    24.4744          2 0.0000e+00
        990     17.000     9.2907  34.214540     1.8754     1.9425    93.6520 3.9102e+01    31.6754    24.4711     4.4297    31.8248     9.3366    24.4760          1 0.0000e+00
        992     17.500     9.2906  34.218151     1.8724     1.9112    93.6357 3.6157e+01    31.6790    24.4739     4.4206    31.8284     9.3365    24.4787          2 0.0000e+00
        994     18.000     9.2923  34.225575     1.8695     1.8697    93.6691 3.3570e+01    31.6850    24.4783     4.4111    31.8344     9.3379    24.4832          2 0.0000e+00
        996     18.500     9.2936  34.231645     1.8661     1.8204    93.6231 3.1550e+01    31.6898    24.4819     4.3999    31.8392     9.3391    24.4867          2 0.0000e+00
        998     19.000     9.2922  34.238176     1.8620     1.7635    93.6796 2.9442e+01    31.6975    24.4881     4.3863    31.8470     9.3376    24.4930          2 0.0000e+00
        999     19.500     9.2918  34.244514     1.8580     1.7959    93.6793 2.7244e+01    31.7042    24.4935     4.3729    31.8537     9.3370    24.4983          2 0.0000e+00
       1001     20.000     9.2933  34.251048     1.8529     1.7004    93.7501 2.5262e+01    31.7093    24.4973     4.3558    31.8588     9.3384    24.5021          2 0.0000e+00
       1003     20.500     9.2949  34.255934     1.8468     1.6521    93.7927 2.3463e+01    31.7128    24.4997     4.3355    31.8623     9.3398    24.5045          2 0.0000e+00
       1005     21.000     9.2973  34.265395     1.8401     1.6018    93.8136 2.1847e+01    31.7201    24.5051     4.3135    31.8697     9.3421    24.5099          1 0.0000e+00
       1007     21.500     9.3036  34.280567     1.8332     1.5275    93.8635 2.0536e+01    31.7299    24.5117     4.2913    31.8795     9.3482    24.5165          2 0.0000e+00
       1009     22.000     9.3073  34.290499     1.8262     1.4545    93.8844 1.9089e+01    31.7366    24.5164     4.2696    31.8862     9.3518    24.5211          2 0.0000e+00
       1011     22.500     9.3152  34.308420     1.8206     1.4183    93.8372 1.7752e+01    31.7477    24.5239     4.2516    31.8974     9.3594    24.5286          2 0.0000e+00
       1013     23.000     9.3189  34.325922     1.8148     1.4044    93.8269 1.6531e+01    31.7622    24.5346     4.2340    31.9119     9.3628    24.5393          2 0.0000e+00
       1014     23.500     9.3042  34.334889     1.8103     1.3884    93.8400 1.5452e+01    31.7842    24.5541     4.2221    31.9341     9.3477    24.5588          2 0.0000e+00
       1016     24.000     9.2914  34.340925     1.8068     1.3724    93.8046 1.4430e+01    31.8016    24.5697     4.2132    31.9516     9.3344    24.5744          2 0.0000e+00
       1018     24.500     9.2870  34.341202     1.8044     1.3496    93.7126 1.3560e+01    31.8056    24.5735     4.2069    31.9556     9.3299    24.5782          2 0.0000e+00
       1020     25.000     9.2808  34.337689     1.8010     1.3114    93.6268 1.2628e+01    31.8073    24.5759     4.1969    31.9573     9.3236    24.5806          1 0.0000e+00
       1022     25.500     9.2722  34.334274     1.7987     1.2900    93.6092 1.1750e+01    31.8113    24.5803     4.1907    31.9613     9.3148    24.5849          2 0.0000e+00
       1024     26.000     9.2724  34.343404     1.7957     1.2654    93.5530 1.0922e+01    31.8202    24.5873     4.1814    31.9703     9.3148    24.5919          2 0.0000e+00
       1026     26.500     9.2841  34.360559     1.7929     1.2681    93.5307 1.0190e+01    31.8273    24.5910     4.1712    31.9773     9.3263    24.5956          2 0.0000e+00
       1027     27.000     9.2919  34.372320     1.7901     1.2354    93.5187 9.5221e+00    31.8322    24.5936     4.1618    31.9823     9.3340    24.5982          2 0.0000e+00
       1029     27.500     9.2920  34.379413     1.7873     1.2264    93.4945 8.9402e+00    31.8392    24.5991     4.1529    31.9893     9.3340    24.6036          2 0.0000e+00
       1031     28.000     9.2966  34.396966     1.7844     1.2047    93.4804 8.3739e+00    31.8529    24.6091     4.1436    32.0031     9.3383    24.6136          2 0.0000e+00
       1033     28.500     9.3044  34.413228     1.7814     1.1912    93.3850 7.7923e+00    31.8624    24.6153     4.1332    32.0126     9.3460    24.6198          1 0.0000e+00
       1035     29.000     9.3031  34.416062     1.7792     1.1807    93.2362 7.2492e+00    31.8663    24.6185     4.1269    32.0165     9.3445    24.6230          2 0.0000e+00
       1037     29.500     9.2971  34.416405     1.7762     1.1548    93.1609 6.7467e+00    31.8717    24.6237     4.1186    32.0220     9.3384    24.6282          2 0.0000e+00
       1038     30.000     9.2981  34.422376     1.7747     1.1484    93.1021 6.2927e+00    31.8768    24.6275     4.1144    32.0271     9.3393    24.6320          2 0.0000e+00
       1040     30.500     9.2980  34.427854     1.7730     1.1560    93.0896 5.9161e+00    31.8823    24.6318     4.1104    32.0326     9.3390    24.6363          2 0.0000e+00
       1042     31.000     9.2949  34.429946     1.7723     1.1569    93.0449 5.5343e+00    31.8870    24.6360     4.1100    32.0373     9.3357    24.6405          2 0.0000e+00
       1044     31.500     9.2902  34.431478     1.7728     1.1403    93.0344 5.1278e+00    31.8925    24.6411     4.1142    32.0429     9.3309    24.6456          1 0.0000e+00
       1046     32.000     9.2900  34.440128     1.7744     1.1191    92.9693 4.7660e+00    31.9014    24.6480     4.1213    32.0518     9.3304    24.6525          2 0.0000e+00
       1048     32.500     9.2929  34.444234     1.7793     1.1319    92.9662 4.4340e+00    31.9028    24.6487     4.1389    32.0532     9.3333    24.6532          2 0.0000e+00
       1049     33.000     9.2852  34.438736     1.7838     1.1313    92.9541 4.1061e+00    31.9038    24.6507     4.1555    32.0542     9.3255    24.6552          2 0.0000e+00
       1051     33.500     9.2802  34.436051     1.7903     1.1237    92.9538 3.8487e+00    31.9052    24.6526     4.1774    32.0557     9.3204    24.6571          2 0.0000e+00
       1053     34.000     9.2768  34.433564     1.7963     1.1227    92.8697 3.6070e+00    31.9055    24.6534     4.1973    32.0560     9.3169    24.6579          1 0.0000e+00
       1055     34.500     9.2729  34.430374     1.8022     1.1227    92.8901 3.3621e+00    31.9056    24.6540     4.2159    32.0559     9.3130    24.6585          2 0.0000e+00
       1057     35.000     9.2635  34.419392     1.8076     1.1227    92.8867 3.1130e+00    31.9024    24.6531     4.2341    32.0528     9.3036    24.6575          2 0.0000e+00
       1058     35.500     9.2415  34.400659     1.8125     1.1483    92.8732 2.8950e+00    31.9026    24.6567     4.2514    32.0531     9.2814    24.6611          2 0.0000e+00
       1060     36.000     9.2269  34.396294     1.8175     1.1175    92.8126 2.6901e+00    31.9108    24.6655     4.2678    32.0613     9.2666    24.6699          2 0.0000e+00
       1062     36.500     9.2188  34.400210     1.8206     1.0872    92.7354 2.5085e+00    31.9220    24.6753     4.2774    32.0725     9.2582    24.6798          1 0.0000e+00
       1064     37.000     9.2094  34.398639     1.8242     1.0989    92.6244 2.3771e+00    31.9286    24.6820     4.2886    32.0791     9.2486    24.6864          2 0.0000e+00
       1066     37.500     9.2016  34.397387     1.8261     1.0793    92.3660 2.2127e+00    31.9340    24.6875     4.2951    32.0846     9.2406    24.6919          2 0.0000e+00
       1067     38.000     9.1983  34.400295     1.8282     1.0954    92.3519 2.0506e+00    31.9397    24.6924     4.3012    32.0903     9.2372    24.6968          2 0.0000e+00
       1069     38.500     9.1924  34.399818     1.8302     1.0883    92.3629 1.9023e+00    31.9443    24.6970     4.3075    32.0949     9.2311    24.7014          1 0.0000e+00
       1071     39.000     9.1883  34.399660     1.8302     1.0885    92.2691 1.7627e+00    31.9476    24.7002     4.3068    32.0983     9.2269    24.7046          2 0.0000e+00
       1072     39.500     9.1843  34.399231     1.8296     1.0885    92.2553 1.6436e+00    31.9505    24.7031     4.3044    32.1012     9.2228    24.7075          2 0.0000e+00
       1074     40.000     9.1799  34.399403     1.8285     1.0809    92.3386 1.5360e+00    31.9544    24.7068     4.3010    32.1051     9.2183    24.7112          2 0.0000e+00
       1076     40.500     9.1767  34.402041     1.8278     1.0710    92.3352 1.4324e+00    31.9598    24.7116     4.2989    32.1105     9.2149    24.7160          1 0.0000e+00
       1078     41.000     9.1702  34.403505     1.8256     1.0714    92.2704 1.3372e+00    31.9669    24.7181     4.2926    32.1176     9.2082    24.7225          2 0.0000e+00
       1080     41.500     9.1625  34.404298     1.8254     1.0714    92.1431 1.2376e+00    31.9744    24.7252     4.2929    32.1252     9.2002    24.7296          2 0.0000e+00
       1081     42.000     9.1501  34.406854     1.8236     1.0714    92.1226 1.1404e+00    31.9879    24.7378     4.2886    32.1387     9.1876    24.7422          2 0.0000e+00
       1083     42.500     9.1378  34.407956     1.8225     1.0714    92.1208 1.0613e+00    31.9999    24.7490     4.2861    32.1507     9.1750    24.7534          2 0.0000e+00
       1085     43.000     9.1241  34.408557     1.8217     1.0549    92.0172 9.8796e-01    32.0125    24.7610     4.2851    32.1635     9.1610    24.7654          1 0.0000e+00
       1087     43.500     9.1144  34.408984     1.8203     1.0740    91.9205 9.2458e-01    32.0215    24.7696     4.2819    32.1725     9.1510    24.7740          2 0.0000e+00
       1089     44.000     9.1105  34.408644     1.8193     1.0542    91.8787 8.5581e-01    32.0245    24.7725     4.2795    32.1755     9.1470    24.7769          2 0.0000e+00
       1090     44.500     9.1029  34.407773     1.8187     1.0621    91.7569 7.8988e-01    32.0301    24.7781     4.2793    32.1812     9.1393    24.7825          2 0.0000e+00
       1092     45.000     9.0983  34.406478     1.8186     1.0629    91.7664 7.2209e-01    32.0327    24.7809     4.2805    32.1838     9.1345    24.7852          2 0.0000e+00
       1094     45.500     9.0923  34.404906     1.8193     1.0549    91.7715 6.6466e-01    32.0363    24.7847     4.2837    32.1874     9.1284    24.7890          1 0.0000e+00
