data/CTD-bamfield-project/processed/bam221005.cnv
* Sea-Bird SBE25 Data File:
* FileName = C:\Users\Winkler\Documents\CTD data\Bamfield 2022\hex\bam221005.hex
* Software Version 1.59
* Temperature SN = 4194
* Conductivity SN = 2155
* System UpLoad Time = Feb 25 2022 14:04:32
** Station: SR2
** Depth: 152 m
** Latitude: 48 54.008 N
** Longitude: 125 02.214 W
** PDT (Time): Feb 24 2022 10:33
** Cruise: Bamfield 2022 Alta project day 1
# nquan = 16
# nvalues = 284                         
# units = specified
# name 0 = scan: Scan Count
# name 1 = prSM: Pressure, Strain Gauge [db]
# name 2 = t090C: Temperature [ITS-90, deg C]
# name 3 = c0mS/cm: Conductivity [mS/cm]
# name 4 = sbeox0V: Oxygen raw, SBE 43 [V]
# name 5 = wetStar: Fluorescence, WET Labs WETstar [mg/m^3]
# name 6 = xmiss: Beam Transmission, Chelsea/Seatech [%]
# name 7 = par: PAR/Irradiance, Biospherical/Licor
# name 8 = sal00: Salinity, Practical [PSU]
# name 9 = sigma-é00: Density [sigma-theta, kg/m^3]
# name 10 = sbeox0ML/L: Oxygen, SBE 43 [ml/l], WS = 2
# name 11 = gsw_srA0: Reference Salinity [g/kg]
# name 12 = gsw_ctA0: Conservative Temperature [ITS-90, deg C]
# name 13 = gsw_sigma0A0: density, TEOS-10 [sigma-0, kg/m^3 ]
# name 14 = nbin: number of scans per bin
# name 15 = flag: flag
# span 0 =        663,       2560       
# span 1 =      1.000,    142.500       
# span 2 =     7.5514,     9.3648       
# span 3 =  28.961575,  34.689535       
# span 4 =     0.7473,     2.3602       
# span 5 =     1.0475,     2.9980       
# span 6 =    84.8312,    93.8844       
# span 7 = 1.0000e-12, 9.7933e+02       
# span 8 =    27.6790,    32.7047       
# span 9 =    21.5889,    25.3795       
# span 10 =     0.8944,     6.3599      
# span 11 =    27.8095,    32.8590      
# span 12 =     7.6415,     9.4184      
# span 13 =    21.5920,    25.3857      
# span 14 =          1,        423      
# span 15 = 0.0000e+00, 0.0000e+00      
# interval = decibars: 0.5              
# start_time = Feb 24 2022 11:30:13 [Instrument's time stamp, header]
# bad_flag = -9.990e-29
*END*
[from data line 181]
       1663     91.500     8.7096  34.351422     1.7431     1.1139    86.3725 1.0000e-12    32.3069    25.0558     4.0897    32.4592     8.7353    25.0608          2 0.0000e+00
       1665     92.000     8.7035  34.351241     1.7398     1.1216    86.3116 1.0000e-12    32.3120    25.0607     4.0798    32.4644     8.7291    25.0658          2 0.0000e+00
       1667     92.500     8.6988  34.349162     1.7353     1.1227    86.1817 1.0000e-12    32.3140    25.0630     4.0658    32.4663     8.7243    25.0681          2 0.0000e+00
       1669     93.000     8.6891  34.343044     1.7312     1.1227    86.0440 1.0000e-12    32.3162    25.0662     4.0534    32.4686     8.7145    25.0713          1 0.0000e+00
       1671     93.500     8.6729  34.333807     1.7267     1.1227    85.9445 1.0000e-12    32.3211    25.0725     4.0409    32.4735     8.6981    25.0776          2 0.0000e+00
       1673     94.000     8.6526  34.323012     1.7221     1.1324    85.9063 1.0000e-12    32.3281    25.0811     4.0285    32.4805     8.6776    25.0862          2 0.0000e+00
       1675     94.500     8.6492  34.322165     1.7189     1.1313    85.7712 1.0000e-12    32.3301    25.0832     4.0192    32.4825     8.6741    25.0883          2 0.0000e+00
       1676     95.000     8.6455  34.321827     1.7149     1.1483    85.6725 1.0000e-12    32.3328    25.0859     4.0068    32.4853     8.6703    25.0910          2 0.0000e+00
       1678     95.500     8.6467  34.327224     1.7120     1.1324    85.6468 1.0000e-12    32.3372    25.0891     3.9974    32.4897     8.6714    25.0942          2 0.0000e+00
       1680     96.000     8.6508  34.332326     1.7075     1.1536    85.5983 1.0000e-12    32.3386    25.0897     3.9825    32.4911     8.6754    25.0948          2 0.0000e+00
       1682     96.500     8.6530  34.334918     1.7044     1.1389    85.5913 1.0000e-12    32.3391    25.0897     3.9722    32.4916     8.6776    25.0948          1 0.0000e+00
       1684     97.000     8.6545  34.336064     1.6990     1.1181    85.5572 1.0000e-12    32.3387    25.0891     3.9553    32.4912     8.6790    25.0943          2 0.0000e+00
       1686     97.500     8.6547  34.336222     1.6960     1.1227    85.5341 1.0000e-12    32.3385    25.0890     3.9460    32.4910     8.6792    25.0941          2 0.0000e+00
       1688     98.000     8.6551  34.338183     1.6920     1.1227    85.4945 1.0000e-12    32.3399    25.0900     3.9331    32.4924     8.6795    25.0952          2 0.0000e+00
       1689     98.500     8.6622  34.347770     1.6886     1.1398    85.5241 1.0000e-12    32.3431    25.0915     3.9217    32.4956     8.6865    25.0967          2 0.0000e+00
       1691     99.000     8.6697  34.354704     1.6846     1.1158    85.5367 1.0000e-12    32.3434    25.0905     3.9082    32.4959     8.6940    25.0957          2 0.0000e+00
       1693     99.500     8.6716  34.357045     1.6806     1.1215    85.4447 1.0000e-12    32.3439    25.0907     3.8959    32.4964     8.6958    25.0959          2 0.0000e+00
       1695    100.000     8.6716  34.358013     1.6762     1.1227    85.4581 1.0000e-12    32.3446    25.0913     3.8825    32.4971     8.6958    25.0965          1 0.0000e+00
       1697    100.500     8.6700  34.358755     1.6748     1.1335    84.8312 1.0000e-12    32.3466    25.0931     3.8789    32.4992     8.6941    25.0983          2 0.0000e+00
       1699    101.000     8.6693  34.358690     1.6718     1.1126    85.3416 1.0000e-12    32.3470    25.0935     3.8704    32.4995     8.6933    25.0987          2 0.0000e+00
       1700    101.500     8.6684  34.358325     1.6697     1.1225    85.3487 1.0000e-12    32.3472    25.0938     3.8641    32.4997     8.6924    25.0990          2 0.0000e+00
       1702    102.000     8.6664  34.358301     1.6686     1.1301    85.3144 1.0000e-12    32.3488    25.0954     3.8614    32.5014     8.6903    25.1006          2 0.0000e+00
       1704    102.500     8.6658  34.360194     1.6654     1.1226    85.2410 1.0000e-12    32.3511    25.0972     3.8518    32.5036     8.6896    25.1025          1 0.0000e+00
       1706    103.000     8.6647  34.359947     1.6661     1.1124    85.3232 1.0000e-12    32.3516    25.0978     3.8549    32.5042     8.6885    25.1031          2 0.0000e+00
       1708    103.500     8.6616  34.358309     1.6647     1.1326    85.2801 1.0000e-12    32.3525    25.0990     3.8514    32.5051     8.6853    25.1043          2 0.0000e+00
       1710    104.000     8.6597  34.357227     1.6641     1.1313    85.2554 1.0000e-12    32.3529    25.0996     3.8503    32.5055     8.6833    25.1049          2 0.0000e+00
       1711    104.500     8.6576  34.356231     1.6635     1.1313    85.2554 1.0000e-12    32.3535    25.1004     3.8495    32.5061     8.6811    25.1057          2 0.0000e+00
       1713    105.000     8.6507  34.352048     1.6640     1.1313    85.2779 1.0000e-12    32.3552    25.1028     3.8513    32.5078     8.6742    25.1081          2 0.0000e+00
       1715    105.500     8.6409  34.345771     1.6654     1.1399    85.2958 1.0000e-12    32.3574    25.1060     3.8557    32.5100     8.6642    25.1113          1 0.0000e+00
       1717    106.000     8.6357  34.342567     1.6616     1.1186    85.2790 1.0000e-12    32.3586    25.1077     3.8419    32.5112     8.6589    25.1131          2 0.0000e+00
       1719    106.500     8.6337  34.340855     1.6582     1.1322    85.2374 1.0000e-12    32.3584    25.1079     3.8292    32.5110     8.6569    25.1133          2 0.0000e+00
       1721    107.000     8.6311  34.338492     1.6536     1.1224    85.3114 1.0000e-12    32.3582    25.1081     3.8127    32.5107     8.6541    25.1134          2 0.0000e+00
       1722    107.500     8.6250  34.334772     1.6475     1.1466    85.3842 1.0000e-12    32.3596    25.1101     3.7916    32.5122     8.6480    25.1155          2 0.0000e+00
       1724    108.000     8.6226  34.333859     1.6401     1.1484    85.3026 1.0000e-12    32.3606    25.1113     3.7664    32.5132     8.6456    25.1166          2 0.0000e+00
       1726    108.500     8.6221  34.335837     1.6305     1.1246    85.3196 1.0000e-12    32.3629    25.1132     3.7346    32.5155     8.6450    25.1186          1 0.0000e+00
       1728    109.000     8.6312  34.351450     1.6231     1.1324    85.2922 1.0000e-12    32.3706    25.1179     3.7089    32.5233     8.6539    25.1233          2 0.0000e+00
       1730    109.500     8.6417  34.362260     1.6131     1.1401    85.3235 1.0000e-12    32.3721    25.1175     3.6757    32.5248     8.6644    25.1229          2 0.0000e+00
       1731    110.000     8.6487  34.372329     1.6027     1.1315    85.3749 1.0000e-12    32.3761    25.1195     3.6411    32.5288     8.6712    25.1249          2 0.0000e+00
       1733    110.500     8.6546  34.380523     1.5929     1.1547    85.3764 1.0000e-12    32.3790    25.1210     3.6089    32.5317     8.6770    25.1264          2 0.0000e+00
       1735    111.000     8.6600  34.387060     1.5822     1.1424    85.4445 1.0000e-12    32.3807    25.1214     3.5741    32.5334     8.6824    25.1268          2 0.0000e+00
       1737    111.500     8.6608  34.390606     1.5724     1.1225    85.4841 1.0000e-12    32.3834    25.1234     3.5426    32.5361     8.6831    25.1289          1 0.0000e+00
       1739    112.000     8.6673  34.398624     1.5631     1.1328    85.4521 1.0000e-12    32.3856    25.1242     3.5130    32.5383     8.6895    25.1297          2 0.0000e+00
       1741    112.500     8.6698  34.402975     1.5541     1.1226    85.4028 1.0000e-12    32.3877    25.1255     3.4849    32.5404     8.6919    25.1309          2 0.0000e+00
       1742    113.000     8.6794  34.414966     1.5467     1.1152    85.4149 1.0000e-12    32.3912    25.1268     3.4615    32.5439     8.7015    25.1323          2 0.0000e+00
       1744    113.500     8.6871  34.422904     1.5396     1.1392    85.4035 1.0000e-12    32.3923    25.1264     3.4389    32.5450     8.7091    25.1319          1 0.0000e+00
       1746    114.000     8.6902  34.429540     1.5332     1.1106    85.3266 1.0000e-12    32.3961    25.1290     3.4183    32.5489     8.7121    25.1345          2 0.0000e+00
       1747    114.500     8.6934  34.434012     1.5256     1.1226    85.3360 1.0000e-12    32.3977    25.1297     3.3939    32.5504     8.7152    25.1353          2 0.0000e+00
       1749    115.000     8.6947  34.436064     1.5192     1.1154    85.2446 1.0000e-12    32.3984    25.1301     3.3739    32.5511     8.7164    25.1356          2 0.0000e+00
       1751    115.500     8.6961  34.437444     1.5130     1.1062    85.2907 1.0000e-12    32.3983    25.1298     3.3544    32.5510     8.7178    25.1354          1 0.0000e+00
       1753    116.000     8.6945  34.436554     1.5076     1.1322    85.2121 1.0000e-12    32.3986    25.1303     3.3380    32.5514     8.7162    25.1358          2 0.0000e+00
       1754    116.500     8.6957  34.439765     1.5020     1.1166    85.1806 1.0000e-12    32.4006    25.1318     3.3209    32.5534     8.7173    25.1373          2 0.0000e+00
       1756    117.000     8.6993  34.444065     1.4983     1.1064    85.1135 1.0000e-12    32.4016    25.1320     3.3093    32.5544     8.7208    25.1376          1 0.0000e+00
       1758    117.500     8.6979  34.446935     1.4936     1.1230    85.0802 1.0000e-12    32.4057    25.1354     3.2952    32.5585     8.7193    25.1410          2 0.0000e+00
       1759    118.000     8.6966  34.448720     1.4895     1.1300    85.1267 1.0000e-12    32.4085    25.1378     3.2822    32.5613     8.7179    25.1434          2 0.0000e+00
       1761    118.500     8.6960  34.450138     1.4859     1.1232    85.2361 1.0000e-12    32.4103    25.1392     3.2703    32.5631     8.7172    25.1449          1 0.0000e+00
       1763    119.000     8.6956  34.451918     1.4811     1.1227    85.2275 1.0000e-12    32.4123    25.1409     3.2552    32.5651     8.7168    25.1465          2 0.0000e+00
       1764    119.500     8.6964  34.453426     1.4761     1.1378    85.2998 1.0000e-12    32.4129    25.1412     3.2389    32.5658     8.7176    25.1469          2 0.0000e+00
       1766    120.000     8.6941  34.449045     1.4725     1.1237    85.2458 1.0000e-12    32.4103    25.1396     3.2283    32.5631     8.7152    25.1452          1 0.0000e+00
       1768    120.500     8.6769  34.435835     1.4678     1.1317    85.2984 1.0000e-12    32.4119    25.1435     3.2156    32.5648     8.6978    25.1492          2 0.0000e+00
       1769    121.000     8.6603  34.432904     1.4652     1.1313    85.2833 1.0000e-12    32.4239    25.1554     3.2091    32.5768     8.6809    25.1610          2 0.0000e+00
       1771    121.500     8.6528  34.437266     1.4609     1.1232    85.2695 1.0000e-12    32.4350    25.1653     3.1963    32.5880     8.6732    25.1709          2 0.0000e+00
       1777    122.000     8.6500  34.437013     1.4532     1.1321    85.2225 1.0000e-12    32.4371    25.1673     3.1732    32.5901     8.6703    25.1730         11 0.0000e+00
       1799    122.500     8.6507  34.437142     1.4442     1.1310    85.7384 1.0000e-12    32.4364    25.1666     3.1471    32.5893     8.6710    25.1723         31 0.0000e+00
       1831    123.000     8.6483  34.434133     1.4438     1.1291    86.1724 1.0000e-12    32.4353    25.1661     3.1468    32.5882     8.6685    25.1718         32 0.0000e+00
       1856    123.500     8.6470  34.433107     1.4467     1.1308    86.2264 1.0000e-12    32.4351    25.1662     3.1577    32.5881     8.6672    25.1719         21 0.0000e+00
       1879    124.000     8.6272  34.411573     1.4684     1.1309    86.2192 1.0000e-12    32.4305    25.1656     3.2309    32.5835     8.6474    25.1713         25 0.0000e+00
       1909    124.500     8.6191  34.403077     1.4838     1.1380    86.2619 1.0000e-12    32.4288    25.1655     3.2805    32.5817     8.6393    25.1712         35 0.0000e+00
       1955    125.000     8.6032  34.388719     1.4977     1.1409    86.3720 1.0000e-12    32.4282    25.1674     3.3261    32.5811     8.6232    25.1731         63 0.0000e+00
       2016    125.500     8.6021  34.387998     1.4924     1.1346    86.3612 1.0000e-12    32.4282    25.1676     3.3022    32.5811     8.6221    25.1733         20 0.0000e+00
       2013    126.000     8.5932  34.390577     1.4517     1.1534    85.9758 1.0000e-12    32.4388    25.1772     3.1580    32.5918     8.6129    25.1830          4 0.0000e+00
       2016    126.500     8.5833  34.399277     1.4260     1.1400    85.7955 1.0000e-12    32.4568    25.1929     3.0753    32.6099     8.6027    25.1986          4 0.0000e+00
       2020    127.000     8.5770  34.418713     1.4023     1.1510    85.9205 1.0000e-12    32.4827    25.2141     2.9997    32.6358     8.5959    25.2198          3 0.0000e+00
       2023    127.500     8.5720  34.429737     1.3802     1.1317    86.0060 1.0000e-12    32.4987    25.2273     2.9301    32.6519     8.5906    25.2331          4 0.0000e+00
       2027    128.000     8.5710  34.437306     1.3603     1.1396    86.3024 1.0000e-12    32.5073    25.2343     2.8663    32.6606     8.5894    25.2401          3 0.0000e+00
       2030    128.500     8.5668  34.438470     1.3410     1.1398    86.2386 1.0000e-12    32.5121    25.2387     2.8041    32.6654     8.5851    25.2445          4 0.0000e+00
       2034    129.000     8.5613  34.441406     1.3210     1.1345    86.2780 1.0000e-12    32.5200    25.2458     2.7391    32.6734     8.5794    25.2516          3 0.0000e+00
       2037    129.500     8.5530  34.443284     1.3010     1.1341    86.2239 1.0000e-12    32.5294    25.2544     2.6743    32.6828     8.5708    25.2602          3 0.0000e+00
       2041    130.000     8.5464  34.450130     1.2784     1.1311    86.4834 1.0000e-12    32.5424    25.2655     2.5998    32.6959     8.5640    25.2713          4 0.0000e+00
       2044    130.500     8.5440  34.458287     1.2548     1.1342    86.4135 1.0000e-12    32.5530    25.2742     2.5207    32.7065     8.5613    25.2801          3 0.0000e+00
       2047    131.000     8.5437  34.464917     1.2267     1.1397    86.5491 1.0000e-12    32.5600    25.2797     2.4264    32.7135     8.5609    25.2856          4 0.0000e+00
       2051    131.500     8.5387  34.473991     1.1973     1.1449    86.4129 1.0000e-12    32.5739    25.2914     2.3306    32.7275     8.5556    25.2972          3 0.0000e+00
       2054    132.000     8.5225  34.476279     1.1681     1.1343    86.7323 1.0000e-12    32.5910    25.3073     2.2379    32.7447     8.5390    25.3131          3 0.0000e+00
       2057    132.500     8.5196  34.499913     1.1405     1.1214    86.9268 1.0000e-12    32.6183    25.3290     2.1505    32.7721     8.5357    25.3349          3 0.0000e+00
       2061    133.000     8.5329  34.517862     1.1163     1.1227    87.4455 1.0000e-12    32.6246    25.3320     2.0726    32.7784     8.5488    25.3379          4 0.0000e+00
       2064    133.500     8.5362  34.523535     1.0915     1.1227    87.8806 1.0000e-12    32.6273    25.3337     1.9932    32.7812     8.5519    25.3396          3 0.0000e+00
       2068    134.000     8.5395  34.531048     1.0691     1.1271    88.1025 1.0000e-12    32.6318    25.3367     1.9232    32.7857     8.5552    25.3426          4 0.0000e+00
       2071    134.500     8.5468  34.544763     1.0506     1.1231    87.9872 1.0000e-12    32.6393    25.3415     1.8661    32.7933     8.5623    25.3475          4 0.0000e+00
       2106    135.000     8.5564  34.560451     1.0038     1.1208    88.5181 1.0000e-12    32.6467    25.3458     1.7222    32.8006     8.5718    25.3517         90 0.0000e+00
       2365    135.500     8.5748  34.587711     0.9218     1.1262    88.9010 1.0000e-12    32.6581    25.3520     1.4606    32.8121     8.5899    25.3579        122 0.0000e+00
       2287    136.000     8.5793  34.597145     0.9086     1.1101    88.3724 1.0000e-12    32.6635    25.3556     1.4037    32.8176     8.5944    25.3615          4 0.0000e+00
