data/CTD-bamfield-project/processed/bam221001.cnv
* Sea-Bird SBE25 Data File:
* FileName = C:\Users\Winkler\Documents\bam221012.hex
* Software Version 1.59
* Temperature SN = 4194
* Conductivity SN = 2155
* System UpLoad Time = Feb 21 2022 14:44:01
** Station: Conjunction Junction
** Depth: 242 m
** Latitude: 48 57.017 N
** Longitude: 125 01.447 W
** PDT (Time): Feb 21 2022 10:33
** Cruise: Bamfield 2022 Day 2 Chemistry
# nquan = 16
# nvalues = 465                         
# units = specified
# name 0 = scan: Scan Count
# name 1 = prSM: Pressure, Strain Gauge [db]
# name 2 = t090C: Temperature [ITS-90, deg C]
# name 3 = c0mS/cm: Conductivity [mS/cm]
# name 4 = sbeox0V: Oxygen raw, SBE 43 [V]
# name 5 = wetStar: Fluorescence, WET Labs WETstar [mg/m^3]
# name 6 = xmiss: Beam Transmission, Chelsea/Seatech [%]
# name 7 = par: PAR/Irradiance, Biospherical/Licor
# name 8 = sal00: Salinity, Practical [PSU]
# name 9 = sigma-é00: Density [sigma-theta, kg/m^3]
# name 10 = sbeox0ML/L: Oxygen, SBE 43 [ml/l], WS = 2
# name 11 = gsw_srA0: Reference Salinity [g/kg]
# name 12 = gsw_ctA0: Conservative Temperature [ITS-90, deg C]
# name 13 = gsw_sigma0A0: density, TEOS-10 [sigma-0, kg/m^3 ]
# name 14 = nbin: number of scans per bin
# name 15 = flag: flag
# span 0 =        586,       6651       
# span 1 =      1.500,    233.500       
# span 2 =     8.0532,     9.9111       
# span 3 =  26.437879,  34.700335       
# span 4 =     0.5850,     2.6087       
# span 5 =     0.9889,    14.7509       
# span 6 =    75.3097,    94.6991       
# span 7 = 1.0000e-12, 5.3968e+02       
# span 8 =    24.6799,    32.8804       
# span 9 =    19.1752,    25.5518       
# span 10 =     0.3744,     7.0787      
# span 11 =    24.7963,    33.0355      
# span 12 =     8.1989,     9.9675      
# span 13 =    19.1772,    25.5595      
# span 14 =          2,        595      
# span 15 = 0.0000e+00, 0.0000e+00      
# interval = decibars: 0.5              
# start_time = Feb 21 2022 11:30:21 [Instrument's time stamp, header]
# bad_flag = -9.990e-29
*END*
[from data line 272]
       3431    137.500     8.4790  34.392668     1.3815     1.1180    78.7741 1.0000e-12    32.5409    25.2746     2.9512    32.6943     8.4957    25.2805          4 0.0000e+00
       3434    138.000     8.4791  34.395184     1.3680     1.1269    78.7729 1.0000e-12    32.5431    25.2763     2.9076    32.6966     8.4957    25.2822          4 0.0000e+00
       3438    138.500     8.4802  34.408095     1.3556     1.1310    78.7792 1.0000e-12    32.5555    25.2858     2.8679    32.7090     8.4966    25.2917          4 0.0000e+00
       3442    139.000     8.4812  34.414184     1.3453     1.1168    79.5377 1.0000e-12    32.5607    25.2898     2.8357    32.7143     8.4975    25.2957          3 0.0000e+00
       3446    139.500     8.4816  34.420214     1.3358     1.1092    80.0809 1.0000e-12    32.5664    25.2942     2.8046    32.7200     8.4977    25.3002          4 0.0000e+00
       3464    140.000     8.4831  34.435246     1.2890     1.1091    81.4284 1.0000e-12    32.5807    25.3052     2.6541    32.7343     8.4989    25.3111         41 0.0000e+00
       3577    140.500     8.4900  34.485725     1.1534     1.0979    83.9481 1.0000e-12    32.6271    25.3406     2.2159    32.7810     8.5050    25.3466        173 0.0000e+00
       3813    141.000     8.4885  34.490466     1.1230     1.0933    83.0528 1.0000e-12    32.6332    25.3456     2.1199    32.7871     8.5034    25.3516         98 0.0000e+00
       3793    141.500     8.4888  34.490847     1.1364     1.0927    81.4982 1.0000e-12    32.6331    25.3455     2.1495    32.7870     8.5036    25.3515          4 0.0000e+00
       3796    142.000     8.4908  34.500295     1.1157     1.0762    82.0216 1.0000e-12    32.6410    25.3513     2.0791    32.7949     8.5055    25.3573          4 0.0000e+00
       3800    142.500     8.4927  34.511151     1.0921     1.0836    82.9225 1.0000e-12    32.6504    25.3584     2.0009    32.8043     8.5072    25.3645          4 0.0000e+00
       3804    143.000     8.4968  34.530699     1.0676     1.0886    83.3675 1.0000e-12    32.6669    25.3708     1.9214    32.8210     8.5109    25.3768          3 0.0000e+00
       3808    143.500     8.4985  34.542116     1.0450     1.0741    83.8529 1.0000e-12    32.6771    25.3785     1.8496    32.8312     8.5125    25.3846          4 0.0000e+00
       3812    144.000     8.5002  34.559190     1.0258     1.0757    84.0685 1.0000e-12    32.6933    25.3909     1.7869    32.8475     8.5138    25.3970          4 0.0000e+00
       3815    144.500     8.5003  34.558562     1.0036     1.0592    84.4273 1.0000e-12    32.6923    25.3901     1.7097    32.8465     8.5139    25.3962          4 0.0000e+00
       3819    145.000     8.5011  34.563416     0.9736     1.0544    84.7226 1.0000e-12    32.6964    25.3932     1.6065    32.8506     8.5146    25.3993          3 0.0000e+00
       3822    145.500     8.5017  34.571217     0.9393     1.0624    84.9216 1.0000e-12    32.7038    25.3990     1.4930    32.8581     8.5150    25.4051          4 0.0000e+00
       3826    146.000     8.5027  34.598834     0.9050     1.0389    84.8870 1.0000e-12    32.7317    25.4207     1.3833    32.8860     8.5155    25.4268          3 0.0000e+00
       3829    146.500     8.5009  34.628030     0.8747     1.0250    85.4310 1.0000e-12    32.7638    25.4461     1.2887    32.9183     8.5131    25.4522          3 0.0000e+00
       3833    147.000     8.4946  34.637692     0.8511     1.0288    86.5396 1.0000e-12    32.7796    25.4595     1.2164    32.9342     8.5064    25.4656          4 0.0000e+00
       3836    147.500     8.4931  34.638410     0.8309     1.0316    86.8981 1.0000e-12    32.7815    25.4612     1.1542    32.9361     8.5049    25.4674          3 0.0000e+00
       3840    148.000     8.4916  34.640045     0.8150     1.0372    87.9466 1.0000e-12    32.7844    25.4637     1.1055    32.9390     8.5033    25.4699          4 0.0000e+00
       3843    148.500     8.4903  34.640628     0.8020     1.0483    88.2693 1.0000e-12    32.7860    25.4651     1.0656    32.9406     8.5019    25.4713          3 0.0000e+00
       3846    149.000     8.4897  34.641267     0.7917     1.0458    88.1468 1.0000e-12    32.7870    25.4661     1.0346    32.9416     8.5012    25.4723          4 0.0000e+00
       3850    149.500     8.4893  34.641996     0.7833     1.0373    88.2949 1.0000e-12    32.7879    25.4668     1.0094    32.9425     8.5008    25.4730          3 0.0000e+00
       3853    150.000     8.4899  34.643103     0.7781     1.0330    88.3648 1.0000e-12    32.7883    25.4671     0.9939    32.9429     8.5013    25.4733          4 0.0000e+00
       4014    150.500     8.4904  34.641674     0.7566     1.0299    90.3590 1.0000e-12    32.7861    25.4652     0.9277    32.9407     8.5018    25.4715        352 0.0000e+00
       4222    151.000     8.4912  34.640451     0.7544     1.0407    89.4960 1.0000e-12    32.7838    25.4634     0.9204    32.9384     8.5026    25.4696          6 0.0000e+00
       4216    151.500     8.4906  34.640957     0.7534     1.0328    87.6061 1.0000e-12    32.7847    25.4641     0.9173    32.9393     8.5019    25.4704          4 0.0000e+00
       4220    152.000     8.4899  34.641310     0.7525     1.0338    88.0534 1.0000e-12    32.7854    25.4648     0.9142    32.9400     8.5012    25.4711          5 0.0000e+00
       4225    152.500     8.4893  34.641446     0.7502     1.0241    87.9598 1.0000e-12    32.7860    25.4653     0.9055    32.9406     8.5005    25.4716          5 0.0000e+00
       4230    153.000     8.4870  34.641772     0.7466     1.0202    87.7071 1.0000e-12    32.7882    25.4674     0.8934    32.9428     8.4981    25.4737          4 0.0000e+00
       4234    153.500     8.4812  34.643038     0.7412     1.0457    88.4862 1.0000e-12    32.7947    25.4734     0.8755    32.9493     8.4921    25.4797          5 0.0000e+00
       4239    154.000     8.4776  34.643718     0.7374     1.0407    88.4022 1.0000e-12    32.7985    25.4769     0.8640    32.9532     8.4884    25.4832          5 0.0000e+00
       4244    154.500     8.4739  34.644713     0.7339     1.0277    88.5291 1.0000e-12    32.8027    25.4808     0.8530    32.9574     8.4847    25.4871          5 0.0000e+00
       4248    155.000     8.4737  34.644773     0.7309     1.0246    88.6728 1.0000e-12    32.8028    25.4809     0.8430    32.9575     8.4843    25.4872          4 0.0000e+00
       4253    155.500     8.4736  34.645148     0.7260     1.0169    88.6604 1.0000e-12    32.8031    25.4812     0.8262    32.9578     8.4842    25.4875          5 0.0000e+00
       4258    156.000     8.4713  34.645780     0.7211     1.0381    88.7941 1.0000e-12    32.8056    25.4835     0.8109    32.9603     8.4818    25.4898          4 0.0000e+00
       4262    156.500     8.4600  34.645073     0.7171     1.0661    88.4546 1.0000e-12    32.8152    25.4927     0.7984    32.9699     8.4703    25.4990          5 0.0000e+00
       4267    157.000     8.4542  34.643267     0.7139     1.0238    88.3232 1.0000e-12    32.8185    25.4962     0.7883    32.9732     8.4643    25.5025          4 0.0000e+00
       4270    157.500     8.4519  34.642764     0.7109     1.0160    87.5271 1.0000e-12    32.8198    25.4975     0.7791    32.9746     8.4620    25.5039          4 0.0000e+00
       4274    158.000     8.4504  34.642780     0.7091     1.0204    88.0851 1.0000e-12    32.8210    25.4987     0.7738    32.9757     8.4604    25.5050          3 0.0000e+00
       4277    158.500     8.4482  34.642434     0.7078     1.0202    88.0835 1.0000e-12    32.8224    25.5002     0.7698    32.9772     8.4581    25.5065          4 0.0000e+00
       4281    159.000     8.4478  34.642229     0.7064     1.0255    88.3237 1.0000e-12    32.8224    25.5002     0.7652    32.9772     8.4577    25.5066          3 0.0000e+00
       4284    159.500     8.4477  34.642336     0.7055     1.0259    88.0265 1.0000e-12    32.8224    25.5002     0.7621    32.9772     8.4575    25.5066          3 0.0000e+00
       4287    160.000     8.4470  34.642261     0.7035     1.0202    88.0637 1.0000e-12    32.8227    25.5006     0.7552    32.9775     8.4568    25.5070          3 0.0000e+00
       4290    160.500     8.4467  34.642602     0.7018     1.0145    88.1611 1.0000e-12    32.8231    25.5010     0.7498    32.9779     8.4564    25.5074          3 0.0000e+00
       4293    161.000     8.4472  34.644001     0.7000     1.0248    88.0564 1.0000e-12    32.8239    25.5015     0.7434    32.9787     8.4569    25.5079          3 0.0000e+00
       4295    161.500     8.4482  34.645578     0.6972     1.0286    87.9850 1.0000e-12    32.8244    25.5017     0.7344    32.9792     8.4578    25.5081          2 0.0000e+00
       4298    162.000     8.4493  34.645924     0.6957     1.0204    88.3409 1.0000e-12    32.8235    25.5009     0.7291    32.9783     8.4589    25.5073          3 0.0000e+00
       4300    162.500     8.4507  34.648098     0.6932     1.0356    88.1018 1.0000e-12    32.8243    25.5013     0.7201    32.9790     8.4602    25.5077          2 0.0000e+00
       4303    163.000     8.4511  34.649774     0.6903     1.0372    87.6134 1.0000e-12    32.8255    25.5022     0.7099    32.9803     8.4605    25.5086          2 0.0000e+00
       4305    163.500     8.4535  34.652581     0.6869     1.0372    87.8861 1.0000e-12    32.8259    25.5022     0.6980    32.9807     8.4629    25.5087          2 0.0000e+00
       4307    164.000     8.4544  34.654143     0.6822     1.0314    87.9859 1.0000e-12    32.8265    25.5025     0.6823    32.9813     8.4637    25.5090          3 0.0000e+00
       4309    164.500     8.4559  34.656458     0.6786     1.0214    87.9948 1.0000e-12    32.8273    25.5029     0.6705    32.9821     8.4652    25.5094          2 0.0000e+00
       4311    165.000     8.4578  34.659754     0.6735     1.0202    88.0347 1.0000e-12    32.8289    25.5039     0.6536    32.9837     8.4669    25.5104          2 0.0000e+00
       4314    165.500     8.4594  34.662591     0.6695     1.0202    88.1912 1.0000e-12    32.8301    25.5046     0.6403    32.9849     8.4685    25.5111          2 0.0000e+00
       4316    166.000     8.4580  34.663029     0.6648     1.0105    87.6795 1.0000e-12    32.8316    25.5060     0.6254    32.9864     8.4671    25.5125          2 0.0000e+00
       4318    166.500     8.4574  34.666191     0.6604     1.0200    87.5397 1.0000e-12    32.8353    25.5090     0.6113    32.9902     8.4663    25.5155          3 0.0000e+00
       4320    167.000     8.4593  34.670302     0.6563     1.0274    87.2869 1.0000e-12    32.8377    25.5106     0.5983    32.9925     8.4681    25.5170          2 0.0000e+00
       4322    167.500     8.4596  34.671845     0.6520     1.0287    87.3213 1.0000e-12    32.8388    25.5114     0.5849    32.9936     8.4683    25.5179          2 0.0000e+00
       4325    168.000     8.4588  34.671878     0.6492     1.0384    87.0360 1.0000e-12    32.8394    25.5120     0.5760    32.9942     8.4675    25.5185          2 0.0000e+00
       4327    168.500     8.4571  34.671904     0.6451     1.0314    86.8947 1.0000e-12    32.8406    25.5133     0.5631    32.9955     8.4658    25.5198          3 0.0000e+00
       4329    169.000     8.4576  34.673964     0.6423     1.0370    86.9336 1.0000e-12    32.8421    25.5144     0.5543    32.9970     8.4662    25.5209          2 0.0000e+00
       4332    169.500     8.4575  34.674649     0.6393     1.0372    86.8755 1.0000e-12    32.8427    25.5148     0.5453    32.9976     8.4660    25.5214          3 0.0000e+00
       4335    170.000     8.4576  34.675394     0.6373     1.0476    86.5291 1.0000e-12    32.8432    25.5153     0.5394    32.9981     8.4660    25.5218          3 0.0000e+00
       4438    170.500     8.4562  34.676152     0.6235     1.0313    88.7474 1.0000e-12    32.8451    25.5169     0.4961    33.0000     8.4645    25.5235        247 0.0000e+00
       4718    171.000     8.4505  34.675523     0.6148     1.0224    90.8981 1.0000e-12    32.8495    25.5213     0.4690    33.0044     8.4588    25.5278         15 0.0000e+00
       4631    171.500     8.4515  34.675387     0.6185     1.0244    88.1135 1.0000e-12    32.8482    25.5200     0.4805    33.0031     8.4597    25.5266          4 0.0000e+00
       4633    172.000     8.4505  34.675283     0.6184     1.0244    88.1230 1.0000e-12    32.8487    25.5207     0.4803    33.0036     8.4586    25.5272          4 0.0000e+00
       4637    172.500     8.4496  34.674552     0.6184     1.0287    88.3673 1.0000e-12    32.8486    25.5207     0.4803    33.0035     8.4577    25.5273          4 0.0000e+00
       4640    173.000     8.4495  34.674638     0.6184     1.0328    88.4884 1.0000e-12    32.8486    25.5207     0.4803    33.0035     8.4575    25.5273          4 0.0000e+00
       4644    173.500     8.4496  34.675180     0.6184     1.0369    88.3775 1.0000e-12    32.8488    25.5209     0.4803    33.0037     8.4576    25.5275          3 0.0000e+00
       4647    174.000     8.4498  34.675884     0.6184     1.0254    88.2379 1.0000e-12    32.8491    25.5211     0.4799    33.0040     8.4577    25.5277          3 0.0000e+00
       4651    174.500     8.4497  34.675985     0.6171     1.0202    88.2177 1.0000e-12    32.8491    25.5212     0.4755    33.0040     8.4575    25.5278          4 0.0000e+00
       4654    175.000     8.4500  34.677200     0.6167     1.0147    88.4244 1.0000e-12    32.8499    25.5217     0.4745    33.0048     8.4578    25.5283          3 0.0000e+00
       4657    175.500     8.4500  34.677647     0.6158     1.0145    88.4498 1.0000e-12    32.8501    25.5218     0.4719    33.0050     8.4578    25.5285          3 0.0000e+00
       4661    176.000     8.4505  34.678237     0.6159     1.0248    88.2173 1.0000e-12    32.8500    25.5218     0.4723    33.0049     8.4582    25.5284          4 0.0000e+00
       4664    176.500     8.4504  34.678585     0.6159     1.0259    88.1889 1.0000e-12    32.8503    25.5219     0.4720    33.0052     8.4580    25.5286          3 0.0000e+00
       4667    177.000     8.4506  34.678912     0.6151     1.0377    87.9648 1.0000e-12    32.8502    25.5219     0.4691    33.0051     8.4582    25.5285          3 0.0000e+00
       4670    177.500     8.4506  34.679438     0.6147     1.0372    87.9359 1.0000e-12    32.8506    25.5221     0.4682    33.0055     8.4581    25.5288          3 0.0000e+00
       4673    178.000     8.4508  34.679635     0.6147     1.0435    88.0168 1.0000e-12    32.8504    25.5220     0.4684    33.0053     8.4583    25.5287          3 0.0000e+00
       4676    178.500     8.4499  34.679415     0.6143     1.0241    87.9205 1.0000e-12    32.8507    25.5224     0.4667    33.0057     8.4573    25.5291          3 0.0000e+00
       4679    179.000     8.4498  34.679704     0.6139     1.0200    88.0674 1.0000e-12    32.8509    25.5226     0.4657    33.0058     8.4572    25.5293          3 0.0000e+00
       4682    179.500     8.4502  34.679852     0.6141     1.0383    87.8919 1.0000e-12    32.8505    25.5222     0.4665    33.0054     8.4575    25.5289          2 0.0000e+00
       4684    180.000     8.4488  34.679657     0.6135     1.0372    87.4718 1.0000e-12    32.8513    25.5230     0.4645    33.0062     8.4561    25.5298          3 0.0000e+00
       4687    180.500     8.4485  34.679643     0.6135     1.0269    87.5235 1.0000e-12    32.8513    25.5231     0.4648    33.0063     8.4557    25.5299          3 0.0000e+00
       4689    181.000     8.4483  34.679747     0.6135     1.0286    87.3164 1.0000e-12    32.8514    25.5232     0.4648    33.0063     8.4554    25.5300          2 0.0000e+00
       4697    181.500     8.4488  34.680158     0.6133     1.0323    87.3963 1.0000e-12    32.8512    25.5230     0.4643    33.0061     8.4559    25.5298         14 0.0000e+00
