data/CTD-bamfield-project/processed/bam221001.cnv
* Sea-Bird SBE25 Data File:
* FileName = C:\Users\Winkler\Documents\bam221012.hex
* Software Version 1.59
* Temperature SN = 4194
* Conductivity SN = 2155
* System UpLoad Time = Feb 21 2022 14:44:01
** Station: Conjunction Junction
** Depth: 242 m
** Latitude: 48 57.017 N
** Longitude: 125 01.447 W
** PDT (Time): Feb 21 2022 10:33
** Cruise: Bamfield 2022 Day 2 Chemistry
# nquan = 16
# nvalues = 465                         
# units = specified
# name 0 = scan: Scan Count
# name 1 = prSM: Pressure, Strain Gauge [db]
# name 2 = t090C: Temperature [ITS-90, deg C]
# name 3 = c0mS/cm: Conductivity [mS/cm]
# name 4 = sbeox0V: Oxygen raw, SBE 43 [V]
# name 5 = wetStar: Fluorescence, WET Labs WETstar [mg/m^3]
# name 6 = xmiss: Beam Transmission, Chelsea/Seatech [%]
# name 7 = par: PAR/Irradiance, Biospherical/Licor
# name 8 = sal00: Salinity, Practical [PSU]
# name 9 = sigma-é00: Density [sigma-theta, kg/m^3]
# name 10 = sbeox0ML/L: Oxygen, SBE 43 [ml/l], WS = 2
# name 11 = gsw_srA0: Reference Salinity [g/kg]
# name 12 = gsw_ctA0: Conservative Temperature [ITS-90, deg C]
# name 13 = gsw_sigma0A0: density, TEOS-10 [sigma-0, kg/m^3 ]
# name 14 = nbin: number of scans per bin
# name 15 = flag: flag
# span 0 =        586,       6651       
# span 1 =      1.500,    233.500       
# span 2 =     8.0532,     9.9111       
# span 3 =  26.437879,  34.700335       
# span 4 =     0.5850,     2.6087       
# span 5 =     0.9889,    14.7509       
# span 6 =    75.3097,    94.6991       
# span 7 = 1.0000e-12, 5.3968e+02       
# span 8 =    24.6799,    32.8804       
# span 9 =    19.1752,    25.5518       
# span 10 =     0.3744,     7.0787      
# span 11 =    24.7963,    33.0355      
# span 12 =     8.1989,     9.9675      
# span 13 =    19.1772,    25.5595      
# span 14 =          2,        595      
# span 15 = 0.0000e+00, 0.0000e+00      
# interval = decibars: 0.5              
# start_time = Feb 21 2022 11:30:21 [Instrument's time stamp, header]
# bad_flag = -9.990e-29
*END*
[from data line 452]
       5761    227.500     8.4201  34.699121     0.5884     1.0073    90.5530 1.0000e-12    32.8770    25.5482     0.3848    33.0320     8.4220    25.5558          3 0.0000e+00
       5764    228.000     8.4195  34.699262     0.5876     1.0088    90.7384 1.0000e-12    32.8774    25.5486     0.3824    33.0325     8.4214    25.5562          3 0.0000e+00
       5767    228.500     8.4193  34.699330     0.5880     1.0202    90.7370 1.0000e-12    32.8775    25.5487     0.3842    33.0325     8.4211    25.5563          2 0.0000e+00
       5769    229.000     8.4190  34.699367     0.5880     1.0144    90.8229 1.0000e-12    32.8776    25.5488     0.3843    33.0326     8.4207    25.5565          3 0.0000e+00
       5772    229.500     8.4190  34.699692     0.5880     1.0205    91.1007 1.0000e-12    32.8777    25.5490     0.3841    33.0328     8.4207    25.5566          2 0.0000e+00
       5774    230.000     8.4182  34.699556     0.5880     1.0137    90.7006 1.0000e-12    32.8780    25.5494     0.3840    33.0331     8.4198    25.5570          3 0.0000e+00
       5833    230.500     8.4180  34.699644     0.5871     1.0192    92.3410 1.0000e-12    32.8781    25.5494     0.3812    33.0331     8.4195    25.5571        156 0.0000e+00
       6145    231.000     8.4172  34.699608     0.5865     1.0172    94.4644 1.0000e-12    32.8786    25.5499     0.3792    33.0336     8.4187    25.5576        135 0.0000e+00
       6072    231.500     8.4163  34.699578     0.5863     1.0167    92.7508 1.0000e-12    32.8792    25.5506     0.3784    33.0342     8.4177    25.5582          5 0.0000e+00
       6074    232.000     8.4161  34.699694     0.5855     1.0336    92.0523 1.0000e-12    32.8793    25.5507     0.3759    33.0343     8.4175    25.5583          5 0.0000e+00
       6079    232.500     8.4160  34.700009     0.5855     1.0238    92.3839 1.0000e-12    32.8795    25.5509     0.3761    33.0345     8.4173    25.5585          5 0.0000e+00
       6093    233.000     8.4159  34.700335     0.5854     1.0198    92.1365 1.0000e-12    32.8796    25.5510     0.3757    33.0347     8.4172    25.5587         29 0.0000e+00
       6651    233.500     8.4147  34.700238     0.5850     1.0195    94.4844 1.0000e-12    32.8804    25.5518     0.3744    33.0355     8.4159    25.5595        595 0.0000e+00
