data/CTD-bamfield-project/processed/bam221005.cnv
* Sea-Bird SBE25 Data File:
* FileName = C:\Users\Winkler\Documents\CTD data\Bamfield 2022\hex\bam221005.hex
* Software Version 1.59
* Temperature SN = 4194
* Conductivity SN = 2155
* System UpLoad Time = Feb 25 2022 14:04:32
** Station: SR2
** Depth: 152 m
** Latitude: 48 54.008 N
** Longitude: 125 02.214 W
** PDT (Time): Feb 24 2022 10:33
** Cruise: Bamfield 2022 Alta project day 1
# nquan = 16
# nvalues = 284                         
# units = specified
# name 0 = scan: Scan Count
# name 1 = prSM: Pressure, Strain Gauge [db]
# name 2 = t090C: Temperature [ITS-90, deg C]
# name 3 = c0mS/cm: Conductivity [mS/cm]
# name 4 = sbeox0V: Oxygen raw, SBE 43 [V]
# name 5 = wetStar: Fluorescence, WET Labs WETstar [mg/m^3]
# name 6 = xmiss: Beam Transmission, Chelsea/Seatech [%]
# name 7 = par: PAR/Irradiance, Biospherical/Licor
# name 8 = sal00: Salinity, Practical [PSU]
# name 9 = sigma-é00: Density [sigma-theta, kg/m^3]
# name 10 = sbeox0ML/L: Oxygen, SBE 43 [ml/l], WS = 2
# name 11 = gsw_srA0: Reference Salinity [g/kg]
# name 12 = gsw_ctA0: Conservative Temperature [ITS-90, deg C]
# name 13 = gsw_sigma0A0: density, TEOS-10 [sigma-0, kg/m^3 ]
# name 14 = nbin: number of scans per bin
# name 15 = flag: flag
# span 0 =        663,       2560       
# span 1 =      1.000,    142.500       
# span 2 =     7.5514,     9.3648       
# span 3 =  28.961575,  34.689535       
# span 4 =     0.7473,     2.3602       
# span 5 =     1.0475,     2.9980       
# span 6 =    84.8312,    93.8844       
# span 7 = 1.0000e-12, 9.7933e+02       
# span 8 =    27.6790,    32.7047       
# span 9 =    21.5889,    25.3795       
# span 10 =     0.8944,     6.3599      
# span 11 =    27.8095,    32.8590      
# span 12 =     7.6415,     9.4184      
# span 13 =    21.5920,    25.3857      
# span 14 =          1,        423      
# span 15 = 0.0000e+00, 0.0000e+00      
# interval = decibars: 0.5              
# start_time = Feb 24 2022 11:30:13 [Instrument's time stamp, header]
# bad_flag = -9.990e-29
*END*
[from data line 91]
       1097     46.500     9.0779  34.399961     1.8205     1.0714    91.7444 5.8020e-01    32.0437    24.7926     4.2896    32.1947     9.1137    24.7970          2 0.0000e+00
       1099     47.000     9.0543  34.394454     1.8210     1.0714    91.7692 5.2883e-01    32.0590    24.8083     4.2936    32.2102     9.0898    24.8127          2 0.0000e+00
       1101     47.500     9.0064  34.381430     1.8217     1.0475    91.7466 4.8219e-01    32.0885    24.8388     4.3000    32.2398     9.0411    24.8431          2 0.0000e+00
       1107     48.000     8.9793  34.372599     1.8234     1.0547    91.5926 4.3559e-01    32.1036    24.8548     4.3083    32.2550     9.0136    24.8591         14 0.0000e+00
       1181     48.500     8.9662  34.365252     1.8264     1.0579    91.5433 4.0231e-01    32.1076    24.8599     4.3187    32.2590     9.0004    24.8643        130 0.0000e+00
       1372     49.000     8.9553  34.359708     1.8296     1.0606    91.4818 3.6862e-01    32.1114    24.8646     4.3301    32.2628     8.9894    24.8689        251 0.0000e+00
       1506     49.500     8.9442  34.354981     1.8275     1.0570    91.4382 3.5223e-01    32.1164    24.8702     4.3226    32.2678     8.9781    24.8745          6 0.0000e+00
       1505     50.000     8.9387  34.353019     1.8231     1.0544    91.3435 3.2684e-01    32.1190    24.8731     4.3086    32.2705     8.9725    24.8774          3 0.0000e+00
       1508     50.500     8.9276  34.353898     1.8202     1.0627    91.3549 2.9797e-01    32.1298    24.8833     4.3014    32.2813     8.9611    24.8876          4 0.0000e+00
       1512     51.000     8.9096  34.351571     1.8181     1.0714    91.3147 2.6782e-01    32.1433    24.8967     4.2971    32.2949     8.9428    24.9010          2 0.0000e+00
       1514     51.500     8.9022  34.350296     1.8177     1.1182    91.2780 2.5217e-01    32.1485    24.9019     4.2970    32.3001     8.9352    24.9062          3 0.0000e+00
       1516     52.000     8.8975  34.349065     1.8163     1.0664    91.1868 2.3265e-01    32.1513    24.9047     4.2937    32.3029     8.9304    24.9090          2 0.0000e+00
       1518     52.500     8.8923  34.347535     1.8168     1.0629    91.0748 2.0576e-01    32.1542    24.9078     4.2962    32.3058     8.9251    24.9121          2 0.0000e+00
       1521     53.000     8.8868  34.346340     1.8162     1.0543    91.0729 1.8811e-01    32.1577    24.9114     4.2954    32.3093     8.9195    24.9158          2 0.0000e+00
       1522     53.500     8.8836  34.345362     1.8162     1.0627    91.0861 1.7084e-01    32.1593    24.9132     4.2964    32.3110     8.9162    24.9175          2 0.0000e+00
       1524     54.000     8.8807  34.344447     1.8174     1.0548    91.0103 1.6021e-01    32.1608    24.9148     4.3014    32.3125     8.9132    24.9192          2 0.0000e+00
       1526     54.500     8.8774  34.343146     1.8180     1.0618    90.8872 1.4181e-01    32.1623    24.9164     4.3043    32.3139     8.9098    24.9208          2 0.0000e+00
       1528     55.000     8.8727  34.341874     1.8191     1.0766    90.8822 1.2886e-01    32.1650    24.9193     4.3084    32.3166     8.9050    24.9237          2 0.0000e+00
       1530     55.500     8.8685  34.341089     1.8205     1.0717    90.8588 1.1779e-01    32.1677    24.9221     4.3135    32.3194     8.9007    24.9264          1 0.0000e+00
       1532     56.000     8.8660  34.340093     1.8212     1.0714    90.7780 1.0178e-01    32.1687    24.9232     4.3165    32.3203     8.8982    24.9276          2 0.0000e+00
       1534     56.500     8.8565  34.337248     1.8217     1.0714    90.6629 8.5728e-02    32.1741    24.9290     4.3194    32.3258     8.8884    24.9334          2 0.0000e+00
       1535     57.000     8.8487  34.334994     1.8235     1.0714    90.6307 7.5981e-02    32.1787    24.9337     4.3264    32.3304     8.8805    24.9381          2 0.0000e+00
       1537     57.500     8.8449  34.333448     1.8247     1.0714    90.5706 6.4232e-02    32.1803    24.9356     4.3308    32.3320     8.8766    24.9400          2 0.0000e+00
       1539     58.000     8.8404  34.331728     1.8267     1.0892    90.4782 5.3225e-02    32.1823    24.9379     4.3376    32.3341     8.8720    24.9423          1 0.0000e+00
       1541     58.500     8.8377  34.331389     1.8274     1.0776    90.3624 3.8760e-02    32.1842    24.9397     4.3401    32.3360     8.8693    24.9442          2 0.0000e+00
       1543     59.000     8.8353  34.330353     1.8279     1.0704    90.2529 3.1830e-02    32.1851    24.9407     4.3417    32.3368     8.8668    24.9453          2 0.0000e+00
       1545     59.500     8.8317  34.329058     1.8292     1.0981    90.2388 2.7063e-02    32.1868    24.9427     4.3461    32.3385     8.8630    24.9472          2 0.0000e+00
       1546     60.000     8.8287  34.328322     1.8291     1.0722    90.2269 1.7572e-02    32.1885    24.9446     4.3465    32.3403     8.8599    24.9490          2 0.0000e+00
       1548     60.500     8.8260  34.327888     1.8296     1.0638    90.0703 1.1338e-02    32.1903    24.9463     4.3488    32.3420     8.8572    24.9507          2 0.0000e+00
       1550     61.000     8.8244  34.328141     1.8302     1.0836    89.9865 6.7457e-03    32.1917    24.9477     4.3511    32.3435     8.8555    24.9522          2 0.0000e+00
       1552     61.500     8.8244  34.328790     1.8314     1.0725    89.9208 3.5914e-04    32.1923    24.9481     4.3552    32.3441     8.8554    24.9526          1 0.0000e+00
       1554     62.000     8.8245  34.328940     1.8315     1.0811    89.9023 1.0000e-12    32.1921    24.9480     4.3556    32.3439     8.8555    24.9525          2 0.0000e+00
       1556     62.500     8.8232  34.329222     1.8315     1.0714    89.8770 1.0000e-12    32.1933    24.9491     4.3560    32.3451     8.8541    24.9536          2 0.0000e+00
       1557     63.000     8.8172  34.328227     1.8326     1.0714    89.4055 1.0000e-12    32.1975    24.9534     4.3606    32.3493     8.8480    24.9579          2 0.0000e+00
       1559     63.500     8.8128  34.327022     1.8333     1.0787    89.5266 1.0000e-12    32.2000    24.9560     4.3634    32.3519     8.8435    24.9605          2 0.0000e+00
       1561     64.000     8.8053  34.325528     1.8339     1.0800    89.6498 1.0000e-12    32.2050    24.9610     4.3661    32.3569     8.8358    24.9655          2 0.0000e+00
       1563     64.500     8.7964  34.324339     1.8352     1.0717    89.5466 1.0000e-12    32.2117    24.9677     4.3711    32.3636     8.8267    24.9722          1 0.0000e+00
       1565     65.000     8.7930  34.324243     1.8345     1.0815    89.3990 1.0000e-12    32.2145    24.9704     4.3697    32.3664     8.8232    24.9749          2 0.0000e+00
       1567     65.500     8.7912  34.324616     1.8352     1.0886    89.2025 1.0000e-12    32.2162    24.9720     4.3721    32.3681     8.8214    24.9766          2 0.0000e+00
       1568     66.000     8.7875  34.325186     1.8363     1.0885    88.9341 1.0000e-12    32.2200    24.9755     4.3762    32.3719     8.8175    24.9800          2 0.0000e+00
       1570     66.500     8.7850  34.325134     1.8359     1.0811    88.7709 1.0000e-12    32.2219    24.9774     4.3752    32.3739     8.8150    24.9820          2 0.0000e+00
       1572     67.000     8.7841  34.325311     1.8363     1.0800    88.6410 1.0000e-12    32.2228    24.9783     4.3768    32.3747     8.8139    24.9828          2 0.0000e+00
       1574     67.500     8.7828  34.325408     1.8364     1.0718    88.4472 1.0000e-12    32.2238    24.9793     4.3775    32.3758     8.8127    24.9838          1 0.0000e+00
       1576     68.000     8.7819  34.325754     1.8371     1.0814    88.3140 1.0000e-12    32.2248    24.9802     4.3798    32.3768     8.8115    24.9848          2 0.0000e+00
       1578     68.500     8.7810  34.326010     1.8364     1.0888    88.2207 1.0000e-12    32.2256    24.9810     4.3776    32.3776     8.8107    24.9855          2 0.0000e+00
       1579     69.000     8.7805  34.326297     1.8364     1.0885    88.2246 1.0000e-12    32.2261    24.9815     4.3776    32.3781     8.8101    24.9861          2 0.0000e+00
       1581     69.500     8.7789  34.326635     1.8359     1.0742    88.1908 1.0000e-12    32.2277    24.9829     4.3763    32.3797     8.8085    24.9875          2 0.0000e+00
       1583     70.000     8.7779  34.326870     1.8352     1.0714    88.1443 1.0000e-12    32.2287    24.9839     4.3743    32.3806     8.8073    24.9885          1 0.0000e+00
       1585     70.500     8.7778  34.326858     1.8352     1.0922    88.0624 1.0000e-12    32.2285    24.9838     4.3746    32.3805     8.8072    24.9884          2 0.0000e+00
       1587     71.000     8.7777  34.327219     1.8339     1.0698    88.0329 1.0000e-12    32.2288    24.9840     4.3706    32.3808     8.8070    24.9886          2 0.0000e+00
       1589     71.500     8.7777  34.327353     1.8340     1.0892    87.8547 1.0000e-12    32.2287    24.9839     4.3708    32.3806     8.8070    24.9885          2 0.0000e+00
       1590     72.000     8.7776  34.327588     1.8321     1.0885    87.9281 1.0000e-12    32.2288    24.9841     4.3649    32.3808     8.8068    24.9887          2 0.0000e+00
       1592     72.500     8.7763  34.328693     1.8316     1.0963    87.8677 1.0000e-12    32.2309    24.9859     4.3629    32.3829     8.8054    24.9905          2 0.0000e+00
       1594     73.000     8.7755  34.329363     1.8300     1.0829    87.8841 1.0000e-12    32.2322    24.9870     4.3582    32.3842     8.8045    24.9917          2 0.0000e+00
       1596     73.500     8.7753  34.329714     1.8278     1.0883    87.9019 1.0000e-12    32.2324    24.9873     4.3511    32.3844     8.8043    24.9919          1 0.0000e+00
       1598     74.000     8.7748  34.330509     1.8271     1.0885    87.8531 1.0000e-12    32.2336    24.9883     4.3488    32.3856     8.8037    24.9929          2 0.0000e+00
       1600     74.500     8.7743  34.331486     1.8246     1.0791    87.8325 1.0000e-12    32.2347    24.9892     4.3411    32.3867     8.8031    24.9939          2 0.0000e+00
       1602     75.000     8.7731  34.332542     1.8229     1.0800    87.7520 1.0000e-12    32.2367    24.9910     4.3358    32.3887     8.8019    24.9957          2 0.0000e+00
       1603     75.500     8.7695  34.333740     1.8211     1.0883    87.6759 1.0000e-12    32.2410    24.9948     4.3305    32.3930     8.7982    24.9995          2 0.0000e+00
       1605     76.000     8.7666  34.334514     1.8189     1.0885    87.6615 1.0000e-12    32.2443    24.9978     4.3239    32.3963     8.7951    25.0025          2 0.0000e+00
       1607     76.500     8.7634  34.335485     1.8161     1.0813    87.5814 1.0000e-12    32.2479    25.0012     4.3157    32.4000     8.7918    25.0059          2 0.0000e+00
       1609     77.000     8.7612  34.336415     1.8156     1.0885    87.3920 1.0000e-12    32.2507    25.0038     4.3149    32.4028     8.7895    25.0085          1 0.0000e+00
       1611     77.500     8.7604  34.336807     1.8134     1.0885    87.2786 1.0000e-12    32.2515    25.0046     4.3090    32.4036     8.7887    25.0093          2 0.0000e+00
       1613     78.000     8.7603  34.337119     1.8119     1.0885    87.1830 1.0000e-12    32.2517    25.0047     4.3044    32.4038     8.7885    25.0095          2 0.0000e+00
       1614     78.500     8.7603  34.337147     1.8120     1.0885    87.1901 1.0000e-12    32.2517    25.0047     4.3052    32.4038     8.7884    25.0094          2 0.0000e+00
       1616     79.000     8.7602  34.337530     1.8108     1.0885    87.1150 1.0000e-12    32.2519    25.0049     4.3016    32.4040     8.7883    25.0096          2 0.0000e+00
       1618     79.500     8.7599  34.337676     1.8096     1.0885    87.0853 1.0000e-12    32.2521    25.0051     4.2981    32.4042     8.7879    25.0099          2 0.0000e+00
       1620     80.000     8.7587  34.337738     1.8084     1.0734    87.1657 1.0000e-12    32.2529    25.0059     4.2947    32.4050     8.7867    25.0107          2 0.0000e+00
       1622     80.500     8.7584  34.337587     1.8078     1.0863    87.1532 1.0000e-12    32.2529    25.0059     4.2929    32.4050     8.7863    25.0107          2 0.0000e+00
       1624     81.000     8.7584  34.337701     1.8067     1.0960    87.1028 1.0000e-12    32.2528    25.0059     4.2895    32.4049     8.7862    25.0107          2 0.0000e+00
       1626     81.500     8.7581  34.337960     1.8054     1.0895    87.1078 1.0000e-12    32.2531    25.0062     4.2857    32.4052     8.7859    25.0110          2 0.0000e+00
       1628     82.000     8.7581  34.338143     1.8047     1.0885    87.1451 1.0000e-12    32.2531    25.0062     4.2837    32.4052     8.7858    25.0110          2 0.0000e+00
       1630     82.500     8.7564  34.338790     1.8030     1.0960    87.1735 1.0000e-12    32.2551    25.0080     4.2788    32.4072     8.7841    25.0129          2 0.0000e+00
       1632     83.000     8.7555  34.339117     1.8023     1.0970    87.1650 1.0000e-12    32.2560    25.0089     4.2767    32.4081     8.7831    25.0137          2 0.0000e+00
       1634     83.500     8.7549  34.339214     1.8012     1.0899    87.0843 1.0000e-12    32.2564    25.0093     4.2735    32.4085     8.7824    25.0141          2 0.0000e+00
       1636     84.000     8.7548  34.339261     1.8000     1.0885    87.0584 1.0000e-12    32.2563    25.0092     4.2695    32.4084     8.7823    25.0141          2 0.0000e+00
       1638     84.500     8.7547  34.339556     1.7985     1.0885    87.0419 1.0000e-12    32.2565    25.0094     4.2642    32.4086     8.7821    25.0143          1 0.0000e+00
       1640     85.000     8.7549  34.340069     1.7962     1.0885    87.1289 1.0000e-12    32.2566    25.0095     4.2562    32.4087     8.7823    25.0144          2 0.0000e+00
       1642     85.500     8.7534  34.340624     1.7938     1.1084    87.0626 1.0000e-12    32.2584    25.0111     4.2483    32.4105     8.7807    25.0160          2 0.0000e+00
       1644     86.000     8.7503  34.341170     1.7901     1.0959    87.0540 1.0000e-12    32.2615    25.0141     4.2364    32.4137     8.7775    25.0190          2 0.0000e+00
       1646     86.500     8.7499  34.341558     1.7866     1.1063    87.0122 1.0000e-12    32.2621    25.0145     4.2250    32.4142     8.7770    25.0195          2 0.0000e+00
       1648     87.000     8.7496  34.341834     1.7832     1.1143    86.9330 1.0000e-12    32.2624    25.0148     4.2139    32.4145     8.7767    25.0198          2 0.0000e+00
       1649     87.500     8.7474  34.342749     1.7792     1.0898    86.8071 1.0000e-12    32.2652    25.0174     4.2008    32.4173     8.7744    25.0223          2 0.0000e+00
       1651     88.000     8.7389  34.343636     1.7747     1.0885    86.8239 1.0000e-12    32.2736    25.0252     4.1865    32.4258     8.7657    25.0302          2 0.0000e+00
       1653     88.500     8.7329  34.345226     1.7703     1.0885    86.7450 1.0000e-12    32.2805    25.0316     4.1725    32.4327     8.7595    25.0365          1 0.0000e+00
       1655     89.000     8.7290  34.347218     1.7648     1.0985    86.6998 1.0000e-12    32.2859    25.0364     4.1550    32.4381     8.7555    25.0414          2 0.0000e+00
       1656     89.500     8.7285  34.347586     1.7602     1.1054    86.6020 1.0000e-12    32.2866    25.0370     4.1408    32.4388     8.7548    25.0420          2 0.0000e+00
       1658     90.000     8.7274  34.348045     1.7555     1.1127    86.5091 1.0000e-12    32.2877    25.0381     4.1262    32.4400     8.7537    25.0431          2 0.0000e+00
       1660     90.500     8.7247  34.348872     1.7511     1.1061    86.4027 1.0000e-12    32.2908    25.0409     4.1131    32.4431     8.7509    25.0459          1 0.0000e+00
