data/CTD-bamfield-project/processed/bam221001.cnv
* Sea-Bird SBE25 Data File:
* FileName = C:\Users\Winkler\Documents\bam221012.hex
* Software Version 1.59
* Temperature SN = 4194
* Conductivity SN = 2155
* System UpLoad Time = Feb 21 2022 14:44:01
** Station: Conjunction Junction
** Depth: 242 m
** Latitude: 48 57.017 N
** Longitude: 125 01.447 W
** PDT (Time): Feb 21 2022 10:33
** Cruise: Bamfield 2022 Day 2 Chemistry
# nquan = 16
# nvalues = 465                         
# units = specified
# name 0 = scan: Scan Count
# name 1 = prSM: Pressure, Strain Gauge [db]
# name 2 = t090C: Temperature [ITS-90, deg C]
# name 3 = c0mS/cm: Conductivity [mS/cm]
# name 4 = sbeox0V: Oxygen raw, SBE 43 [V]
# name 5 = wetStar: Fluorescence, WET Labs WETstar [mg/m^3]
# name 6 = xmiss: Beam Transmission, Chelsea/Seatech [%]
# name 7 = par: PAR/Irradiance, Biospherical/Licor
# name 8 = sal00: Salinity, Practical [PSU]
# name 9 = sigma-é00: Density [sigma-theta, kg/m^3]
# name 10 = sbeox0ML/L: Oxygen, SBE 43 [ml/l], WS = 2
# name 11 = gsw_srA0: Reference Salinity [g/kg]
# name 12 = gsw_ctA0: Conservative Temperature [ITS-90, deg C]
# name 13 = gsw_sigma0A0: density, TEOS-10 [sigma-0, kg/m^3 ]
# name 14 = nbin: number of scans per bin
# name 15 = flag: flag
# span 0 =        586,       6651       
# span 1 =      1.500,    233.500       
# span 2 =     8.0532,     9.9111       
# span 3 =  26.437879,  34.700335       
# span 4 =     0.5850,     2.6087       
# span 5 =     0.9889,    14.7509       
# span 6 =    75.3097,    94.6991       
# span 7 = 1.0000e-12, 5.3968e+02       
# span 8 =    24.6799,    32.8804       
# span 9 =    19.1752,    25.5518       
# span 10 =     0.3744,     7.0787      
# span 11 =    24.7963,    33.0355      
# span 12 =     8.1989,     9.9675      
# span 13 =    19.1772,    25.5595      
# span 14 =          2,        595      
# span 15 = 0.0000e+00, 0.0000e+00      
# interval = decibars: 0.5              
# start_time = Feb 21 2022 11:30:21 [Instrument's time stamp, header]
# bad_flag = -9.990e-29
*END*
[from data line 181]
       2315     92.000     8.7622  34.331052     1.8331     1.0671    83.3325 1.0000e-12    32.2374    24.9935     4.3819    32.3895     8.7892    24.9985          4 0.0000e+00
       2319     92.500     8.7622  34.331138     1.8328     1.0606    83.3581 1.0000e-12    32.2374    24.9934     4.3812    32.3894     8.7891    24.9985          3 0.0000e+00
       2322     93.000     8.7620  34.331246     1.8324     1.1112    83.2449 1.0000e-12    32.2375    24.9936     4.3799    32.3895     8.7888    24.9986          3 0.0000e+00
       2325     93.500     8.7637  34.332093     1.8315     1.0549    83.3628 1.0000e-12    32.2366    24.9925     4.3771    32.3886     8.7905    24.9976          3 0.0000e+00
       2329     94.000     8.7606  34.331710     1.8310     1.0719    83.2770 1.0000e-12    32.2387    24.9947     4.3759    32.3907     8.7873    24.9998          4 0.0000e+00
       2332     94.500     8.7584  34.331764     1.8300     1.0658    83.3245 1.0000e-12    32.2405    24.9965     4.3731    32.3926     8.7851    25.0016          3 0.0000e+00
       2335     95.000     8.7571  34.331859     1.8289     1.0630    83.3336 1.0000e-12    32.2417    24.9976     4.3699    32.3937     8.7837    25.0027          4 0.0000e+00
       2339     95.500     8.7576  34.332310     1.8276     1.0603    83.1874 1.0000e-12    32.2414    24.9973     4.3658    32.3935     8.7841    25.0025          3 0.0000e+00
       2342     96.000     8.7559  34.332490     1.8267     1.0488    83.1114 1.0000e-12    32.2430    24.9988     4.3634    32.3950     8.7823    25.0040          3 0.0000e+00
       2345     96.500     8.7542  34.332443     1.8251     1.0721    83.1656 1.0000e-12    32.2442    25.0000     4.3584    32.3962     8.7806    25.0052          3 0.0000e+00
       2348     97.000     8.7531  34.332689     1.8247     1.0595    83.1640 1.0000e-12    32.2452    25.0010     4.3574    32.3973     8.7794    25.0062          3 0.0000e+00
       2351     97.500     8.7532  34.333074     1.8225     1.0660    83.1450 1.0000e-12    32.2453    25.0011     4.3501    32.3973     8.7795    25.0062          3 0.0000e+00
       2354     98.000     8.7520  34.333214     1.8207     1.0795    83.0940 1.0000e-12    32.2463    25.0021     4.3448    32.3984     8.7782    25.0073          4 0.0000e+00
       2358     98.500     8.7450  34.333068     1.8192     1.0825    83.0112 1.0000e-12    32.2523    25.0078     4.3405    32.4044     8.7710    25.0130          3 0.0000e+00
       2361     99.000     8.7386  34.332680     1.8166     1.0715    82.7897 1.0000e-12    32.2576    25.0129     4.3325    32.4097     8.7645    25.0181          3 0.0000e+00
       2364     99.500     8.7364  34.332177     1.8139     1.0651    82.4920 1.0000e-12    32.2588    25.0143     4.3245    32.4109     8.7621    25.0195          3 0.0000e+00
       2367    100.000     8.7317  34.332087     1.8121     1.0799    82.4745 1.0000e-12    32.2627    25.0180     4.3198    32.4149     8.7574    25.0233          4 0.0000e+00
       2371    100.500     8.7284  34.331912     1.8103     1.0874    82.3576 1.0000e-12    32.2653    25.0205     4.3142    32.4175     8.7540    25.0258          3 0.0000e+00
       2374    101.000     8.7275  34.332211     1.8079     1.0934    82.1849 1.0000e-12    32.2662    25.0214     4.3068    32.4184     8.7530    25.0267          3 0.0000e+00
       2377    101.500     8.7274  34.332659     1.8054     1.0842    82.1137 1.0000e-12    32.2665    25.0217     4.2990    32.4187     8.7528    25.0270          3 0.0000e+00
       2380    102.000     8.7246  34.332524     1.8033     1.0930    82.1391 1.0000e-12    32.2688    25.0239     4.2931    32.4209     8.7499    25.0292          3 0.0000e+00
       2383    102.500     8.7141  34.329686     1.8016     1.0837    82.0767 1.0000e-12    32.2752    25.0305     4.2890    32.4274     8.7392    25.0358          3 0.0000e+00
       2386    103.000     8.7107  34.328817     1.7999     1.0828    81.5606 1.0000e-12    32.2771    25.0325     4.2836    32.4293     8.7357    25.0378          3 0.0000e+00
       2389    103.500     8.7079  34.328150     1.7973     1.0768    81.5139 1.0000e-12    32.2788    25.0343     4.2755    32.4310     8.7328    25.0396          3 0.0000e+00
       2392    104.000     8.7053  34.326965     1.7951     1.0963    81.2236 1.0000e-12    32.2796    25.0353     4.2693    32.4319     8.7302    25.0406          3 0.0000e+00
       2395    104.500     8.6977  34.324690     1.7930     1.1008    81.4231 1.0000e-12    32.2840    25.0399     4.2635    32.4362     8.7225    25.0452          3 0.0000e+00
       2398    105.000     8.6832  34.320795     1.7914     1.0800    80.9939 1.0000e-12    32.2929    25.0491     4.2599    32.4452     8.7077    25.0544          3 0.0000e+00
       2401    105.500     8.6846  34.321508     1.7889     1.1024    80.7724 1.0000e-12    32.2923    25.0484     4.2515    32.4444     8.7091    25.0537          3 0.0000e+00
       2404    106.000     8.6868  34.322225     1.7864     1.0868    80.2621 1.0000e-12    32.2907    25.0468     4.2437    32.4430     8.7113    25.0522          3 0.0000e+00
       2407    106.500     8.6815  34.320614     1.7841     1.1265    80.5229 1.0000e-12    32.2936    25.0499     4.2374    32.4459     8.7059    25.0553          3 0.0000e+00
       2410    107.000     8.6682  34.318250     1.7825     1.1164    80.6125 1.0000e-12    32.3030    25.0593     4.2336    32.4553     8.6923    25.0646          3 0.0000e+00
       2413    107.500     8.6700  34.318970     1.7801     1.0918    80.2565 1.0000e-12    32.3019    25.0582     4.2252    32.4542     8.6941    25.0635          3 0.0000e+00
       2416    108.000     8.6723  34.319268     1.7777     1.0942    80.2031 1.0000e-12    32.2999    25.0563     4.2165    32.4522     8.6964    25.0617          3 0.0000e+00
       2419    108.500     8.6742  34.320083     1.7733     1.1057    80.1811 1.0000e-12    32.2989    25.0551     4.2014    32.4512     8.6982    25.0605          3 0.0000e+00
       2422    109.000     8.6752  34.320512     1.7678     1.1112    80.2343 1.0000e-12    32.2981    25.0545     4.1835    32.4504     8.6992    25.0599          3 0.0000e+00
       2425    109.500     8.6701  34.318482     1.7631     1.1113    80.2812 1.0000e-12    32.3004    25.0570     4.1695    32.4528     8.6940    25.0624          3 0.0000e+00
       2428    110.000     8.6243  34.308284     1.7579     1.1113    79.9581 1.0000e-12    32.3314    25.0882     4.1573    32.4839     8.6475    25.0936          3 0.0000e+00
       2432    110.500     8.6023  34.302399     1.7541     1.1157    78.5561 1.0000e-12    32.3451    25.1023     4.1481    32.4977     8.6252    25.1077          5 0.0000e+00
       2561    111.000     8.5969  34.297697     1.7360     1.1336    78.8996 1.0000e-12    32.3449    25.1029     4.0945    32.4974     8.6198    25.1083        121 0.0000e+00
       2820    111.500     8.5729  34.285999     1.7525     1.1429    77.6507 1.0000e-12    32.3543    25.1139     4.1466    32.5069     8.5956    25.1193          5 0.0000e+00
       2832    112.000     8.5623  34.283693     1.7480     1.1540    77.1729 1.0000e-12    32.3614    25.1211     4.1337    32.5140     8.5847    25.1265          6 0.0000e+00
       2838    112.500     8.5477  34.280578     1.7449     1.1224    77.1063 1.0000e-12    32.3713    25.1310     4.1252    32.5239     8.5699    25.1364          4 0.0000e+00
       2842    113.000     8.5462  34.280655     1.7416     1.1515    76.6352 1.0000e-12    32.3725    25.1322     4.1147    32.5252     8.5683    25.1376          5 0.0000e+00
       2847    113.500     8.5478  34.281046     1.7377     1.1601    76.7331 1.0000e-12    32.3713    25.1310     4.1017    32.5239     8.5699    25.1364          5 0.0000e+00
       2852    114.000     8.5429  34.280299     1.7327     1.1505    76.9506 1.0000e-12    32.3748    25.1344     4.0860    32.5274     8.5649    25.1399          5 0.0000e+00
       2857    114.500     8.5327  34.278773     1.7283     1.1483    76.7589 1.0000e-12    32.3823    25.1419     4.0728    32.5350     8.5544    25.1473          4 0.0000e+00
       2861    115.000     8.5272  34.278369     1.7237     1.1501    76.3290 1.0000e-12    32.3867    25.1461     4.0596    32.5394     8.5488    25.1516          5 0.0000e+00
       2866    115.500     8.5234  34.278661     1.7219     1.1528    76.3906 1.0000e-12    32.3903    25.1496     4.0556    32.5430     8.5449    25.1551          4 0.0000e+00
       2870    116.000     8.5209  34.278199     1.7224     1.1572    76.4197 1.0000e-12    32.3918    25.1511     4.0594    32.5446     8.5423    25.1566          5 0.0000e+00
       2875    116.500     8.5270  34.279684     1.7244     1.1363    76.2666 1.0000e-12    32.3876    25.1469     4.0649    32.5403     8.5484    25.1524          5 0.0000e+00
       2880    117.000     8.5502  34.285486     1.7235     1.1443    76.5713 1.0000e-12    32.3721    25.1314     4.0588    32.5248     8.5719    25.1369          4 0.0000e+00
       2884    117.500     8.5617  34.288755     1.7216     1.1468    77.3902 1.0000e-12    32.3648    25.1239     4.0525    32.5174     8.5835    25.1294          5 0.0000e+00
       2889    118.000     8.5247  34.282740     1.7217     1.1617    76.3614 1.0000e-12    32.3922    25.1509     4.0564    32.5450     8.5459    25.1564          4 0.0000e+00
       2892    118.500     8.5343  34.285562     1.7209     1.1370    76.2620 1.0000e-12    32.3862    25.1448     4.0518    32.5389     8.5555    25.1503          4 0.0000e+00
       2896    119.000     8.5645  34.290541     1.7181     1.1285    76.5580 1.0000e-12    32.3635    25.1224     4.0397    32.5161     8.5861    25.1280          3 0.0000e+00
       2900    119.500     8.5600  34.290106     1.7145     1.1537    77.1318 1.0000e-12    32.3669    25.1258     4.0289    32.5195     8.5816    25.1314          4 0.0000e+00
       2903    120.000     8.5437  34.288329     1.7115     1.1567    77.0369 1.0000e-12    32.3798    25.1383     4.0205    32.5325     8.5649    25.1439          4 0.0000e+00
       2907    120.500     8.5335  34.286041     1.7084     1.1624    76.6686 1.0000e-12    32.3865    25.1452     4.0114    32.5392     8.5546    25.1507          3 0.0000e+00
       2910    121.000     8.5204  34.284505     1.7050     1.1402    76.0699 1.0000e-12    32.3966    25.1550     4.0019    32.5494     8.5412    25.1606          4 0.0000e+00
       2914    121.500     8.5213  34.284777     1.7027     1.1478    76.1152 1.0000e-12    32.3958    25.1543     3.9951    32.5486     8.5421    25.1599          4 0.0000e+00
       2918    122.000     8.5179  34.284825     1.7001     1.1625    76.1862 1.0000e-12    32.3988    25.1571     3.9872    32.5516     8.5386    25.1627          3 0.0000e+00
       2922    122.500     8.5169  34.285009     1.6978     1.1389    75.9146 1.0000e-12    32.3998    25.1581     3.9799    32.5525     8.5375    25.1637          4 0.0000e+00
       2925    123.000     8.5124  34.283132     1.6943     1.1694    75.6324 1.0000e-12    32.4017    25.1602     3.9684    32.5545     8.5329    25.1659          4 0.0000e+00
       2929    123.500     8.5117  34.285882     1.6908     1.1418    75.5412 1.0000e-12    32.4049    25.1629     3.9570    32.5577     8.5322    25.1685          4 0.0000e+00
       2933    124.000     8.5155  34.289304     1.6864     1.1398    75.8681 1.0000e-12    32.4048    25.1623     3.9422    32.5576     8.5359    25.1679          3 0.0000e+00
       2937    124.500     8.5148  34.289121     1.6821     1.1621    76.0179 1.0000e-12    32.4051    25.1626     3.9288    32.5579     8.5351    25.1683          4 0.0000e+00
       2940    125.000     8.5028  34.288549     1.6778     1.1627    75.8148 1.0000e-12    32.4152    25.1723     3.9148    32.5681     8.5229    25.1780          3 0.0000e+00
       2944    125.500     8.5046  34.289773     1.6713     1.1611    75.3097 1.0000e-12    32.4147    25.1716     3.8930    32.5675     8.5246    25.1773          4 0.0000e+00
       2947    126.000     8.5036  34.289414     1.6649     1.1568    75.4470 1.0000e-12    32.4149    25.1719     3.8721    32.5678     8.5236    25.1776          3 0.0000e+00
       2951    126.500     8.4923  34.290936     1.6576     1.1613    75.3576 1.0000e-12    32.4268    25.1830     3.8497    32.5797     8.5120    25.1886          4 0.0000e+00
       2954    127.000     8.4923  34.293103     1.6514     1.1651    75.5699 1.0000e-12    32.4287    25.1845     3.8299    32.5816     8.5120    25.1902          4 0.0000e+00
       2958    127.500     8.4889  34.295011     1.6443     1.1736    75.7480 1.0000e-12    32.4337    25.1889     3.8065    32.5866     8.5084    25.1946          3 0.0000e+00
       2961    128.000     8.4853  34.295322     1.6364     1.1448    75.5268 1.0000e-12    32.4371    25.1921     3.7811    32.5900     8.5047    25.1978          4 0.0000e+00
       2965    128.500     8.4823  34.298460     1.6292     1.1628    75.3700 1.0000e-12    32.4429    25.1972     3.7590    32.5959     8.5015    25.2029          3 0.0000e+00
       2969    129.000     8.4825  34.299826     1.6233     1.1656    75.4959 1.0000e-12    32.4439    25.1979     3.7410    32.5969     8.5017    25.2037          4 0.0000e+00
       2985    129.500     8.4824  34.305332     1.6078     1.1589    76.2512 1.0000e-12    32.4496    25.2024     3.6922    32.6026     8.5014    25.2081         36 0.0000e+00
       3044    130.000     8.4812  34.313922     1.5782     1.1624    77.0335 1.0000e-12    32.4595    25.2103     3.5988    32.6126     8.5000    25.2161         79 0.0000e+00
       3193    130.500     8.4822  34.311533     1.5820     1.1652    77.0780 1.0000e-12    32.4558    25.2073     3.6092    32.6089     8.5010    25.2131         43 0.0000e+00
       3374    131.000     8.4814  34.339172     1.5044     1.1301    77.0044 1.0000e-12    32.4854    25.2305     3.3584    32.6385     8.4997    25.2363          5 0.0000e+00
       3382    131.500     8.4797  34.340784     1.5033     1.1311    77.2378 1.0000e-12    32.4884    25.2332     3.3566    32.6416     8.4980    25.2390          4 0.0000e+00
       3386    132.000     8.4811  34.343364     1.5059     1.1432    77.2301 1.0000e-12    32.4896    25.2340     3.3652    32.6428     8.4992    25.2398          4 0.0000e+00
       3390    132.500     8.4820  34.346745     1.5058     1.1523    77.2084 1.0000e-12    32.4921    25.2358     3.3605    32.6453     8.5000    25.2416          4 0.0000e+00
       3395    133.000     8.4855  34.337780     1.4969     1.1526    77.1806 1.0000e-12    32.4792    25.2252     3.3282    32.6324     8.5037    25.2310          4 0.0000e+00
       3399    133.500     8.4840  34.344558     1.4861     1.1501    77.1120 1.0000e-12    32.4875    25.2319     3.2929    32.6407     8.5020    25.2378          5 0.0000e+00
       3403    134.000     8.4797  34.361600     1.4749     1.1366    77.4192 1.0000e-12    32.5091    25.2496     3.2544    32.6624     8.4972    25.2554          4 0.0000e+00
       3407    134.500     8.4799  34.362969     1.4587     1.1315    77.2647 1.0000e-12    32.5102    25.2503     3.1989    32.6635     8.4974    25.2562          4 0.0000e+00
       3411    135.000     8.4777  34.362450     1.4408     1.1392    77.3419 1.0000e-12    32.5114    25.2516     3.1414    32.6647     8.4952    25.2575          4 0.0000e+00
       3415    135.500     8.4779  34.380197     1.4254     1.1205    78.0051 1.0000e-12    32.5297    25.2659     3.0933    32.6831     8.4950    25.2718          4 0.0000e+00
       3419    136.000     8.4785  34.391087     1.4134     1.1339    78.6595 1.0000e-12    32.5403    25.2741     3.0559    32.6937     8.4954    25.2800          4 0.0000e+00
       3423    136.500     8.4784  34.390984     1.4029     1.1398    79.1135 1.0000e-12    32.5401    25.2740     3.0227    32.6935     8.4952    25.2799          3 0.0000e+00
