data/CTD-bamfield-project/processed/bam221001.cnv
* Sea-Bird SBE25 Data File:
* FileName = C:\Users\Winkler\Documents\bam221012.hex
* Software Version 1.59
* Temperature SN = 4194
* Conductivity SN = 2155
* System UpLoad Time = Feb 21 2022 14:44:01
** Station: Conjunction Junction
** Depth: 242 m
** Latitude: 48 57.017 N
** Longitude: 125 01.447 W
** PDT (Time): Feb 21 2022 10:33
** Cruise: Bamfield 2022 Day 2 Chemistry
# nquan = 16
# nvalues = 465                         
# units = specified
# name 0 = scan: Scan Count
# name 1 = prSM: Pressure, Strain Gauge [db]
# name 2 = t090C: Temperature [ITS-90, deg C]
# name 3 = c0mS/cm: Conductivity [mS/cm]
# name 4 = sbeox0V: Oxygen raw, SBE 43 [V]
# name 5 = wetStar: Fluorescence, WET Labs WETstar [mg/m^3]
# name 6 = xmiss: Beam Transmission, Chelsea/Seatech [%]
# name 7 = par: PAR/Irradiance, Biospherical/Licor
# name 8 = sal00: Salinity, Practical [PSU]
# name 9 = sigma-é00: Density [sigma-theta, kg/m^3]
# name 10 = sbeox0ML/L: Oxygen, SBE 43 [ml/l], WS = 2
# name 11 = gsw_srA0: Reference Salinity [g/kg]
# name 12 = gsw_ctA0: Conservative Temperature [ITS-90, deg C]
# name 13 = gsw_sigma0A0: density, TEOS-10 [sigma-0, kg/m^3 ]
# name 14 = nbin: number of scans per bin
# name 15 = flag: flag
# span 0 =        586,       6651       
# span 1 =      1.500,    233.500       
# span 2 =     8.0532,     9.9111       
# span 3 =  26.437879,  34.700335       
# span 4 =     0.5850,     2.6087       
# span 5 =     0.9889,    14.7509       
# span 6 =    75.3097,    94.6991       
# span 7 = 1.0000e-12, 5.3968e+02       
# span 8 =    24.6799,    32.8804       
# span 9 =    19.1752,    25.5518       
# span 10 =     0.3744,     7.0787      
# span 11 =    24.7963,    33.0355      
# span 12 =     8.1989,     9.9675      
# span 13 =    19.1772,    25.5595      
# span 14 =          2,        595      
# span 15 = 0.0000e+00, 0.0000e+00      
# interval = decibars: 0.5              
# start_time = Feb 21 2022 11:30:21 [Instrument's time stamp, header]
# bad_flag = -9.990e-29
*END*
[from data line 362]
       4710    182.500     8.4482  34.680397     0.6131     1.0258    87.9483 1.0000e-12    32.8516    25.5234     0.4632    33.0065     8.4552    25.5302          3 0.0000e+00
       4712    183.000     8.4483  34.680855     0.6124     1.0207    87.8313 1.0000e-12    32.8517    25.5234     0.4609    33.0066     8.4552    25.5302          2 0.0000e+00
       4715    183.500     8.4483  34.681038     0.6123     1.0294    87.4881 1.0000e-12    32.8516    25.5234     0.4610    33.0065     8.4552    25.5302          2 0.0000e+00
       4717    184.000     8.4483  34.681014     0.6127     1.0259    87.5877 1.0000e-12    32.8514    25.5233     0.4623    33.0063     8.4551    25.5301          3 0.0000e+00
       4719    184.500     8.4478  34.680983     0.6123     1.0206    87.5928 1.0000e-12    32.8516    25.5235     0.4611    33.0065     8.4546    25.5303          2 0.0000e+00
       4722    185.000     8.4479  34.681247     0.6123     1.0202    87.3705 1.0000e-12    32.8516    25.5235     0.4613    33.0065     8.4545    25.5303          2 0.0000e+00
       4724    185.500     8.4476  34.681344     0.6127     1.0260    87.4653 1.0000e-12    32.8517    25.5236     0.4624    33.0066     8.4543    25.5305          3 0.0000e+00
       4726    186.000     8.4467  34.681127     0.6123     1.0207    87.2877 1.0000e-12    32.8521    25.5241     0.4609    33.0070     8.4533    25.5310          2 0.0000e+00
       4728    186.500     8.4456  34.680864     0.6117     1.0202    87.5497 1.0000e-12    32.8526    25.5246     0.4585    33.0075     8.4522    25.5315          2 0.0000e+00
       4731    187.000     8.4452  34.680988     0.6117     1.0202    87.5958 1.0000e-12    32.8529    25.5249     0.4583    33.0078     8.4517    25.5318          2 0.0000e+00
       4733    187.500     8.4436  34.680582     0.6109     1.0104    87.2395 1.0000e-12    32.8537    25.5258     0.4558    33.0086     8.4500    25.5327          2 0.0000e+00
       4735    188.000     8.4435  34.681061     0.6098     1.0313    87.0360 1.0000e-12    32.8540    25.5261     0.4522    33.0090     8.4499    25.5330          3 0.0000e+00
       4737    188.500     8.4439  34.682193     0.6088     1.0216    87.1937 1.0000e-12    32.8547    25.5266     0.4490    33.0097     8.4502    25.5335          2 0.0000e+00
       4739    189.000     8.4447  34.683622     0.6086     1.0438    87.1302 1.0000e-12    32.8552    25.5268     0.4486    33.0101     8.4510    25.5337          2 0.0000e+00
       4741    189.500     8.4454  34.684592     0.6080     1.0372    87.3372 1.0000e-12    32.8554    25.5269     0.4466    33.0103     8.4516    25.5338          2 0.0000e+00
       4744    190.000     8.4456  34.685481     0.6071     1.0320    87.7172 1.0000e-12    32.8559    25.5272     0.4437    33.0108     8.4518    25.5342          3 0.0000e+00
       4747    190.500     8.4457  34.685983     0.6068     1.0222    87.7536 1.0000e-12    32.8561    25.5274     0.4431    33.0110     8.4518    25.5344          4 0.0000e+00
       4944    191.000     8.4451  34.684423     0.6036     1.0301    92.1538 1.0000e-12    32.8548    25.5265     0.4337    33.0097     8.4512    25.5335        169 0.0000e+00
       5077    191.500     8.4441  34.683558     0.6074     1.0287    88.4289 1.0000e-12    32.8545    25.5265     0.4449    33.0095     8.4501    25.5334          4 0.0000e+00
       5084    192.000     8.4442  34.684095     0.6071     1.0262    88.1312 1.0000e-12    32.8548    25.5267     0.4439    33.0097     8.4502    25.5336          3 0.0000e+00
       5087    192.500     8.4444  34.684889     0.6063     1.0259    88.1449 1.0000e-12    32.8552    25.5270     0.4414    33.0102     8.4503    25.5340          3 0.0000e+00
       5090    193.000     8.4451  34.686032     0.6058     1.0206    87.8880 1.0000e-12    32.8556    25.5271     0.4400    33.0105     8.4509    25.5341          3 0.0000e+00
       5093    193.500     8.4453  34.686680     0.6050     1.0256    88.3393 1.0000e-12    32.8558    25.5273     0.4372    33.0107     8.4511    25.5343          3 0.0000e+00
       5096    194.000     8.4444  34.687197     0.6042     1.0202    88.3139 1.0000e-12    32.8570    25.5284     0.4344    33.0119     8.4501    25.5354          3 0.0000e+00
       5099    194.500     8.4441  34.687347     0.6033     1.0202    88.3720 1.0000e-12    32.8572    25.5286     0.4316    33.0121     8.4498    25.5357          3 0.0000e+00
       5102    195.000     8.4428  34.686771     0.6028     1.0202    88.4964 1.0000e-12    32.8576    25.5291     0.4302    33.0125     8.4484    25.5361          4 0.0000e+00
       5106    195.500     8.4417  34.686766     0.6022     1.0202    88.2862 1.0000e-12    32.8583    25.5299     0.4281    33.0133     8.4472    25.5369          3 0.0000e+00
       5109    196.000     8.4396  34.686863     0.6013     1.0202    88.3569 1.0000e-12    32.8602    25.5316     0.4253    33.0151     8.4451    25.5387          3 0.0000e+00
       5112    196.500     8.4381  34.686678     0.6009     1.0263    88.9426 1.0000e-12    32.8612    25.5327     0.4242    33.0162     8.4435    25.5397          3 0.0000e+00
       5115    197.000     8.4369  34.686684     0.6004     1.0203    89.1479 1.0000e-12    32.8621    25.5335     0.4226    33.0170     8.4422    25.5406          4 0.0000e+00
       5119    197.500     8.4350  34.686503     0.5997     1.0309    89.1559 1.0000e-12    32.8634    25.5349     0.4202    33.0184     8.4402    25.5420          3 0.0000e+00
       5122    198.000     8.4343  34.686427     0.5989     1.0198    89.3413 1.0000e-12    32.8638    25.5353     0.4177    33.0187     8.4395    25.5424          3 0.0000e+00
       5125    198.500     8.4341  34.686397     0.5989     1.0243    89.3527 1.0000e-12    32.8637    25.5352     0.4180    33.0186     8.4392    25.5423          4 0.0000e+00
       5129    199.000     8.4334  34.686453     0.5985     1.0311    89.5805 1.0000e-12    32.8642    25.5357     0.4164    33.0191     8.4385    25.5429          3 0.0000e+00
       5132    199.500     8.4328  34.686623     0.5976     1.0199    89.7415 1.0000e-12    32.8646    25.5362     0.4137    33.0196     8.4378    25.5433          3 0.0000e+00
       5135    200.000     8.4323  34.687040     0.5977     1.0202    89.5984 1.0000e-12    32.8654    25.5369     0.4140    33.0204     8.4372    25.5440          4 0.0000e+00
       5139    200.500     8.4319  34.687271     0.5969     1.0256    89.5950 1.0000e-12    32.8657    25.5372     0.4111    33.0207     8.4368    25.5444          3 0.0000e+00
       5142    201.000     8.4317  34.687488     0.5964     1.0317    89.6596 1.0000e-12    32.8659    25.5374     0.4099    33.0209     8.4365    25.5446          3 0.0000e+00
       5145    201.500     8.4306  34.687982     0.5964     1.0196    89.7612 1.0000e-12    32.8673    25.5386     0.4101    33.0223     8.4353    25.5458          3 0.0000e+00
       5148    202.000     8.4297  34.688111     0.5964     1.0263    89.6795 1.0000e-12    32.8679    25.5393     0.4097    33.0229     8.4344    25.5465          3 0.0000e+00
       5151    202.500     8.4295  34.688595     0.5951     1.0195    89.9551 1.0000e-12    32.8685    25.5398     0.4051    33.0235     8.4341    25.5470          3 0.0000e+00
       5154    203.000     8.4286  34.688840     0.5946     1.0414    90.0045 1.0000e-12    32.8694    25.5406     0.4038    33.0244     8.4331    25.5478          4 0.0000e+00
       5158    203.500     8.4278  34.688877     0.5941     1.1194    90.1514 1.0000e-12    32.8699    25.5411     0.4024    33.0249     8.4324    25.5483          3 0.0000e+00
       5161    204.000     8.4274  34.688894     0.5940     1.1121    90.4847 1.0000e-12    32.8701    25.5413     0.4023    33.0251     8.4319    25.5486          3 0.0000e+00
       5164    204.500     8.4273  34.688217     0.5936     1.0820    90.4353 1.0000e-12    32.8692    25.5407     0.4006    33.0242     8.4317    25.5480          3 0.0000e+00
       5167    205.000     8.4269  34.689728     0.5927     1.0341    90.8958 1.0000e-12    32.8710    25.5422     0.3982    33.0260     8.4312    25.5494          3 0.0000e+00
       5170    205.500     8.4259  34.689736     0.5932     1.0185    90.6009 1.0000e-12    32.8717    25.5428     0.4001    33.0267     8.4302    25.5501          3 0.0000e+00
       5173    206.000     8.4258  34.689916     0.5927     1.0202    90.3915 1.0000e-12    32.8718    25.5429     0.3983    33.0268     8.4300    25.5502          3 0.0000e+00
       5177    206.500     8.4261  34.690221     0.5928     1.0202    90.9753 1.0000e-12    32.8715    25.5427     0.3986    33.0265     8.4303    25.5499          4 0.0000e+00
       5180    207.000     8.4257  34.690398     0.5924     1.0149    90.8058 1.0000e-12    32.8718    25.5430     0.3971    33.0268     8.4298    25.5503          3 0.0000e+00
       5183    207.500     8.4247  34.690132     0.5924     1.0145    90.9566 1.0000e-12    32.8723    25.5436     0.3969    33.0273     8.4287    25.5509          3 0.0000e+00
       5186    208.000     8.4245  34.690140     0.5915     1.0076    90.8550 1.0000e-12    32.8723    25.5436     0.3945    33.0273     8.4285    25.5509          4 0.0000e+00
       5190    208.500     8.4247  34.690441     0.5919     1.0193    91.0817 1.0000e-12    32.8722    25.5435     0.3960    33.0272     8.4286    25.5508          3 0.0000e+00
       5193    209.000     8.4246  34.690677     0.5919     1.0262    91.3291 1.0000e-12    32.8723    25.5436     0.3961    33.0273     8.4285    25.5509          3 0.0000e+00
       5197    209.500     8.4247  34.690799     0.5922     1.0152    91.1489 1.0000e-12    32.8721    25.5434     0.3968    33.0271     8.4285    25.5507          4 0.0000e+00
       5242    210.000     8.4248  34.691023     0.5917     1.0194    92.0718 1.0000e-12    32.8720    25.5433     0.3954    33.0270     8.4286    25.5507        117 0.0000e+00
       5465    210.500     8.4247  34.691149     0.5916     1.0192    92.7934 1.0000e-12    32.8720    25.5433     0.3948    33.0270     8.4285    25.5506        346 0.0000e+00
       5674    211.000     8.4232  34.690905     0.5914     1.0203    92.8789 1.0000e-12    32.8729    25.5443     0.3944    33.0279     8.4269    25.5516          7 0.0000e+00
       5670    211.500     8.4234  34.691254     0.5912     1.0146    91.9944 1.0000e-12    32.8729    25.5443     0.3937    33.0279     8.4270    25.5516          3 0.0000e+00
       5673    212.000     8.4235  34.691473     0.5912     1.0204    91.5169 1.0000e-12    32.8728    25.5442     0.3938    33.0278     8.4271    25.5515          3 0.0000e+00
       5676    212.500     8.4228  34.691617     0.5912     1.0262    90.9930 1.0000e-12    32.8734    25.5447     0.3934    33.0284     8.4263    25.5521          3 0.0000e+00
       5679    213.000     8.4230  34.691734     0.5908     1.0259    90.7763 1.0000e-12    32.8730    25.5445     0.3919    33.0281     8.4265    25.5518          3 0.0000e+00
       5682    213.500     8.4236  34.692296     0.5904     1.0119    91.0540 1.0000e-12    32.8729    25.5443     0.3911    33.0279     8.4270    25.5517          4 0.0000e+00
       5686    214.000     8.4237  34.692598     0.5904     1.0092    91.0166 1.0000e-12    32.8729    25.5442     0.3912    33.0279     8.4271    25.5516          3 0.0000e+00
       5689    214.500     8.4225  34.692553     0.5904     1.0185    90.7589 1.0000e-12    32.8737    25.5451     0.3913    33.0287     8.4259    25.5524          3 0.0000e+00
       5692    215.000     8.4221  34.692793     0.5904     1.0202    90.2095 1.0000e-12    32.8741    25.5455     0.3913    33.0291     8.4253    25.5529          3 0.0000e+00
       5695    215.500     8.4223  34.693040     0.5904     1.0287    90.9270 1.0000e-12    32.8740    25.5453     0.3913    33.0290     8.4255    25.5527          2 0.0000e+00
       5697    216.000     8.4221  34.693107     0.5904     1.0190    90.8177 1.0000e-12    32.8740    25.5454     0.3912    33.0290     8.4252    25.5528          3 0.0000e+00
       5700    216.500     8.4220  34.693579     0.5904     1.0202    90.7056 1.0000e-12    32.8744    25.5458     0.3912    33.0294     8.4251    25.5532          3 0.0000e+00
       5703    217.000     8.4221  34.693821     0.5900     1.0202    91.2227 1.0000e-12    32.8743    25.5457     0.3900    33.0293     8.4251    25.5531          3 0.0000e+00
       5706    217.500     8.4219  34.694063     0.5904     1.0376    90.9147 1.0000e-12    32.8745    25.5459     0.3912    33.0295     8.4249    25.5533          3 0.0000e+00
       5709    218.000     8.4216  34.694153     0.5896     1.0081    90.9848 1.0000e-12    32.8746    25.5460     0.3882    33.0296     8.4245    25.5534          3 0.0000e+00
       5712    218.500     8.4216  34.694472     0.5892     1.0259    91.0551 1.0000e-12    32.8747    25.5461     0.3875    33.0298     8.4245    25.5535          3 0.0000e+00
       5715    219.000     8.4215  34.694950     0.5896     1.0259    90.9706 1.0000e-12    32.8751    25.5464     0.3888    33.0301     8.4243    25.5538          3 0.0000e+00
       5718    219.500     8.4215  34.695198     0.5893     1.0358    91.1298 1.0000e-12    32.8752    25.5465     0.3876    33.0302     8.4242    25.5540          3 0.0000e+00
       5720    220.000     8.4216  34.695307     0.5892     1.0372    90.6601 1.0000e-12    32.8750    25.5463     0.3876    33.0300     8.4243    25.5538          2 0.0000e+00
       5723    220.500     8.4216  34.695727     0.5892     1.0435    90.7997 1.0000e-12    32.8752    25.5465     0.3876    33.0302     8.4242    25.5540          3 0.0000e+00
       5726    221.000     8.4216  34.695776     0.5892     1.0374    90.7863 1.0000e-12    32.8750    25.5463     0.3876    33.0300     8.4242    25.5538          3 0.0000e+00
       5729    221.500     8.4218  34.690983     0.5892     1.0284    90.9437 1.0000e-12    32.8696    25.5421     0.3877    33.0246     8.4244    25.5495          2 0.0000e+00
       5731    222.000     8.4219  34.692407     0.5892     1.0069    90.5946 1.0000e-12    32.8708    25.5430     0.3877    33.0257     8.4245    25.5505          3 0.0000e+00
       5734    222.500     8.4217  34.696366     0.5892     1.0088    90.8664 1.0000e-12    32.8749    25.5462     0.3877    33.0299     8.4241    25.5537          3 0.0000e+00
       5737    223.000     8.4217  34.696892     0.5892     1.0117    90.4053 1.0000e-12    32.8752    25.5465     0.3877    33.0302     8.4241    25.5540          2 0.0000e+00
       5739    223.500     8.4219  34.697260     0.5892     1.0149    90.7453 1.0000e-12    32.8752    25.5465     0.3878    33.0302     8.4242    25.5540          3 0.0000e+00
       5742    224.000     8.4216  34.697405     0.5892     1.0204    91.2550 1.0000e-12    32.8753    25.5466     0.3878    33.0304     8.4239    25.5542          3 0.0000e+00
       5745    224.500     8.4217  34.697487     0.5892     1.0149    90.7419 1.0000e-12    32.8752    25.5465     0.3876    33.0302     8.4239    25.5540          3 0.0000e+00
       5747    225.000     8.4213  34.697901     0.5886     1.0287    90.8976 1.0000e-12    32.8757    25.5470     0.3859    33.0307     8.4235    25.5545          2 0.0000e+00
       5750    225.500     8.4218  34.698084     0.5893     1.0190    90.7395 1.0000e-12    32.8752    25.5466     0.3879    33.0303     8.4239    25.5541          3 0.0000e+00
       5753    226.000     8.4212  34.698477     0.5884     1.0202    91.0871 1.0000e-12    32.8760    25.5472     0.3847    33.0310     8.4233    25.5548          3 0.0000e+00
       5756    226.500     8.4211  34.698867     0.5880     1.0150    90.9744 1.0000e-12    32.8762    25.5474     0.3840    33.0312     8.4231    25.5550          3 0.0000e+00
