data/CTD-bamfield-project/processed/D1.cnv
* Sea-Bird SBE25 Data File:
* FileName = C:\Users\Winkler\Documents\CTD data\Bamfield 2022\hex\bam221007.hex
* Software Version 1.59
* Temperature SN = 4194
* Conductivity SN = 2155
* System UpLoad Time = Feb 25 2022 14:11:42
** Station: D1
** Depth: 135 m
** Latitude: 48 51.888 N
** Longitude: 125 07.417 W
** PDT (Time): Feb 24 2022 14:39
** Cruise: Bamfield 2022 project day 1
# nquan = 16
# nvalues = 251                         
# units = specified
# name 0 = scan: Scan Count
# name 1 = prSM: Pressure, Strain Gauge [db]
# name 2 = t090C: Temperature [ITS-90, deg C]
# name 3 = c0mS/cm: Conductivity [mS/cm]
# name 4 = sbeox0V: Oxygen raw, SBE 43 [V]
# name 5 = wetStar: Fluorescence, WET Labs WETstar [mg/m^3]
# name 6 = xmiss: Beam Transmission, Chelsea/Seatech [%]
# name 7 = par: PAR/Irradiance, Biospherical/Licor
# name 8 = sal00: Salinity, Practical [PSU]
# name 9 = sigma-é00: Density [sigma-theta, kg/m^3]
# name 10 = sbeox0ML/L: Oxygen, SBE 43 [ml/l], WS = 2
# name 11 = gsw_srA0: Reference Salinity [g/kg]
# name 12 = gsw_ctA0: Conservative Temperature [ITS-90, deg C]
# name 13 = gsw_sigma0A0: density, TEOS-10 [sigma-0, kg/m^3 ]
# name 14 = nbin: number of scans per bin
# name 15 = flag: flag
# span 0 =        511,       1137       
# span 1 =      1.000,    126.000       
# span 2 =     8.1032,     9.2966       
# span 3 =  29.137256,  34.612919       
# span 4 =     1.0914,     2.4779       
# span 5 =     1.0471,     7.0709       
# span 6 =    85.3374,    93.4903       
# span 7 = 1.0000e-12, 8.3439e+02       
# span 8 =    27.4297,    32.5160       
# span 9 =    21.3217,    25.2120       
# span 10 =     1.9998,     6.7042      
# span 11 =    27.5590,    32.6693      
# span 12 =     8.1886,     9.3356      
# span 13 =    21.3249,    25.2179      
# span 14 =          1,        110      
# span 15 = 0.0000e+00, 0.0000e+00      
# interval = decibars: 0.5              
# start_time = Feb 24 2022 15:33:25 [Instrument's time stamp, header]
# bad_flag = -9.990e-29
*END*
        511      1.000     8.1032  29.137256     2.4779     2.8497    89.1990 7.5110e+02    27.4297    21.3217     6.7042    27.5590     8.2101    21.3249         38 0.0000e+00
        544      1.500     8.1266  29.419802     2.3679     3.0276    89.0995 8.3439e+02    27.7044    21.5337     6.2690    27.8350     8.2297    21.5370          6 0.0000e+00
        546      2.000     8.4259  31.163720     2.3130     2.6556    88.9775 5.2895e+02    29.2727    22.7202     5.9930    29.4107     8.5076    22.7243          4 0.0000e+00
        550      2.500     8.5632  32.060216     2.2819     2.9165    88.3471 4.5878e+02    30.0887    23.3394     5.8525    30.2305     8.6330    23.3438          3 0.0000e+00
        553      3.000     8.6693  32.607493     2.2677     3.3425    88.9675 4.4514e+02    30.5658    23.6974     5.7821    30.7099     8.7321    23.7020          4 0.0000e+00
        557      3.500     8.5454  32.588579     2.2609     3.7765    89.6296 3.4644e+02    30.6532    23.7841     5.7815    30.7978     8.6061    23.7886          3 0.0000e+00
        560      4.000     8.4639  32.561339     2.2627     4.4777    89.9422 3.7043e+02    30.6954    23.8290     5.8024    30.8402     8.5235    23.8335          3 0.0000e+00
        563      4.500     8.4386  32.579969     2.2668     6.0688    89.7904 3.5270e+02    30.7368    23.8650     5.8158    30.8817     8.4973    23.8695          4 0.0000e+00
        567      5.000     8.4407  32.616162     2.2641     6.8646    90.1199 2.7660e+02    30.7725    23.8928     5.8036    30.9176     8.4988    23.8972          3 0.0000e+00
        569      5.500     8.4236  32.638781     2.2631     6.6503    90.0276 2.5364e+02    30.8108    23.9253     5.8011    30.9561     8.4810    23.9297          2 0.0000e+00
        572      6.000     8.3517  32.651568     2.2595     7.0709    89.4580 2.4179e+02    30.8870    23.9953     5.7966    31.0326     8.4075    23.9997          3 0.0000e+00
        575      6.500     8.3837  32.797079     2.2575     6.9311    88.8362 2.2748e+02    31.0111    24.0879     5.7806    31.1574     8.4377    24.0924          2 0.0000e+00
        577      7.000     8.4502  32.892996     2.2527     6.7085    88.0523 1.6725e+02    31.0528    24.1109     5.7525    31.1992     8.5038    24.1153          2 0.0000e+00
        579      7.500     8.3093  32.826504     2.2498     7.0384    88.0945 1.5398e+02    31.1072    24.1740     5.7583    31.2538     8.3613    24.1784          2 0.0000e+00
        581      8.000     8.1388  32.768118     2.2416     6.7917    88.3428 1.4005e+02    31.1967    24.2687     5.7500    31.3438     8.1886    24.2730          2 0.0000e+00
        583      8.500     8.1668  32.809435     2.2302     6.9995    88.2690 1.2961e+02    31.2152    24.2791     5.7068    31.3623     8.2164    24.2834          3 0.0000e+00
        585      9.000     8.1648  32.817648     2.2190     6.4404    88.3881 1.0779e+02    31.2253    24.2874     5.6707    31.3726     8.2142    24.2917          2 0.0000e+00
        588      9.500     8.1447  32.828140     2.2085     5.9847    88.7297 9.5077e+01    31.2542    24.3130     5.6384    31.4015     8.1934    24.3172          2 0.0000e+00
        590     10.000     8.1919  32.898717     2.1979     5.6027    89.0072 8.7514e+01    31.2863    24.3314     5.5958    31.4338     8.2404    24.3356          2 0.0000e+00
        592     10.500     8.2778  32.987805     2.1856     5.8627    89.2113 7.8012e+01    31.3033    24.3323     5.5434    31.4509     8.3264    24.3366          2 0.0000e+00
        594     11.000     8.3043  33.012788     2.1749     5.3835    89.5596 6.8594e+01    31.3058    24.3304     5.5073    31.4534     8.3528    24.3348          3 0.0000e+00
        596     11.500     8.3017  33.016147     2.1656     5.1108    89.9654 6.0809e+01    31.3113    24.3351     5.4805    31.4590     8.3501    24.3395          2 0.0000e+00
        598     12.000     8.3014  33.022877     2.1588     5.0038    90.0914 5.4046e+01    31.3185    24.3408     5.4613    31.4661     8.3496    24.3451          2 0.0000e+00
        601     12.500     8.3240  33.061675     2.1540     4.8807    90.1070 5.0805e+01    31.3389    24.3536     5.4444    31.4867     8.3719    24.3579          2 0.0000e+00
        603     13.000     8.4224  33.157264     2.1503     5.5981    90.1360 4.4953e+01    31.3514    24.3490     5.4192    31.4992     8.4706    24.3534          2 0.0000e+00
        605     13.500     8.3795  33.087832     2.1472     4.9163    90.6114 4.0057e+01    31.3165    24.3279     5.4153    31.4641     8.4280    24.3323          2 0.0000e+00
        607     14.000     8.3077  33.050406     2.1410     4.7569    90.8961 3.6887e+01    31.3409    24.3576     5.4017    31.4887     8.3554    24.3619          3 0.0000e+00
        609     14.500     8.2994  33.046972     2.1324     4.8522    90.8988 3.3609e+01    31.3445    24.3615     5.3730    31.4923     8.3470    24.3659          2 0.0000e+00
        611     15.000     8.2995  33.049802     2.1224     4.9323    90.8723 3.0273e+01    31.3471    24.3636     5.3385    31.4949     8.3470    24.3679          2 0.0000e+00
        614     15.500     8.3106  33.068428     2.1117     4.6599    90.7561 2.7336e+01    31.3565    24.3694     5.2998    31.5044     8.3580    24.3737          2 0.0000e+00
        616     16.000     8.3525  33.128714     2.0983     4.1889    90.7638 2.5006e+01    31.3824    24.3835     5.2472    31.5303     8.3996    24.3878          2 0.0000e+00
        618     16.500     8.4030  33.192398     2.0815     3.6925    90.8464 2.2624e+01    31.4039    24.3930     5.1822    31.5520     8.4499    24.3974          3 0.0000e+00
        620     17.000     8.4460  33.264948     2.0613     3.6560    91.0399 2.0382e+01    31.4414    24.4161     5.1080    31.5897     8.4924    24.4205          2 0.0000e+00
        622     17.500     8.4832  33.320230     2.0389     3.3624    91.1870 1.8425e+01    31.4659    24.4299     5.0297    31.6143     8.5294    24.4343          2 0.0000e+00
        625     18.000     8.5085  33.367661     2.0169     2.9504    91.3525 1.6807e+01    31.4928    24.4472     4.9567    31.6413     8.5542    24.4516          2 0.0000e+00
        627     18.500     8.5860  33.466103     1.9982     2.6467    91.4333 1.5546e+01    31.5263    24.4620     4.8897    31.6749     8.6315    24.4665          2 0.0000e+00
        629     19.000     8.6970  33.608314     1.9844     2.5632    91.8431 1.4396e+01    31.5754    24.4839     4.8339    31.7243     8.7420    24.4884          2 0.0000e+00
        631     19.500     8.7824  33.716610     1.9705     2.3986    92.0403 1.3080e+01    31.6118    24.4995     4.7789    31.7608     8.8271    24.5040          3 0.0000e+00
        633     20.000     8.8084  33.759725     1.9561     2.2562    92.3835 1.2087e+01    31.6331    24.5123     4.7283    31.7823     8.8529    24.5169          2 0.0000e+00
        635     20.500     8.8262  33.779179     1.9390     2.1521    92.5196 1.1203e+01    31.6372    24.5128     4.6715    31.7864     8.8706    24.5174          2 0.0000e+00
        638     21.000     8.8317  33.786316     1.9239     2.0872    92.8810 1.0433e+01    31.6396    24.5138     4.6253    31.7887     8.8760    24.5184          2 0.0000e+00
        640     21.500     8.8396  33.802030     1.9122     2.0043    93.1085 9.7428e+00    31.6486    24.5196     4.5907    31.7978     8.8838    24.5242          2 0.0000e+00
        642     22.000     8.8538  33.835266     1.9033     1.8322    93.1822 8.9901e+00    31.6702    24.5345     4.5625    31.8196     8.8976    24.5390          2 0.0000e+00
        644     22.500     8.9491  33.969626     1.8952     1.8347    93.3050 8.3606e+00    31.7243    24.5622     4.5232    31.8739     8.9923    24.5668          3 0.0000e+00
        646     23.000     9.0337  34.050292     1.8839     1.7705    93.2788 7.7528e+00    31.7321    24.5553     4.4744    31.8817     9.0771    24.5599          2 0.0000e+00
        649     23.500     9.0391  34.039640     1.8668     1.7039    93.3704 7.2422e+00    31.7159    24.5420     4.4167    31.8655     9.0828    24.5466          2 0.0000e+00
        651     24.000     8.8460  33.895046     1.8498     1.6466    93.4903 6.8163e+00    31.7384    24.5891     4.3813    31.8881     8.8884    24.5935          2 0.0000e+00
        653     24.500     8.8117  33.896932     1.8315     1.5522    93.2806 6.3320e+00    31.7708    24.6196     4.3265    31.9206     8.8535    24.6240          3 0.0000e+00
        655     25.000     8.8348  33.952319     1.8142     1.4675    92.9812 5.8831e+00    31.8075    24.6448     4.2703    31.9575     8.8760    24.6493          2 0.0000e+00
        657     25.500     8.9784  34.122762     1.8009     1.4074    92.8258 5.4568e+00    31.8554    24.6603     4.2140    32.0056     9.0192    24.6649          2 0.0000e+00
        660     26.000     9.0715  34.194008     1.7879     1.3875    92.7382 5.0801e+00    31.8455    24.6383     4.1654    31.9957     9.1128    24.6428          2 0.0000e+00
        662     26.500     9.0833  34.208012     1.7763     1.3421    92.7103 4.7597e+00    31.8493    24.6395     4.1292    31.9995     9.1244    24.6440          2 0.0000e+00
        664     27.000     9.1061  34.232414     1.7659     1.3056    92.6965 4.3696e+00    31.8539    24.6395     4.0964    32.0041     9.1473    24.6440          2 0.0000e+00
        666     27.500     9.1344  34.268187     1.7585     1.3108    92.7222 4.0341e+00    31.8652    24.6440     4.0714    32.0155     9.1755    24.6485          3 0.0000e+00
        668     28.000     9.1668  34.303593     1.7509     1.2600    92.7919 3.7787e+00    31.8725    24.6447     4.0424    32.0228     9.2078    24.6492          2 0.0000e+00
        671     28.500     9.1696  34.317984     1.7403     1.3331    92.7926 3.5098e+00    31.8848    24.6538     4.0049    32.0351     9.2102    24.6583          2 0.0000e+00
        673     29.000     9.2078  34.362714     1.7252     1.2522    92.8606 3.2616e+00    31.8965    24.6571     3.9503    32.0469     9.2483    24.6615          3 0.0000e+00
        675     29.500     9.2058  34.341663     1.7083     1.2211    92.8835 3.0389e+00    31.8763    24.6416     3.8961    32.0266     9.2467    24.6460          2 0.0000e+00
        677     30.000     9.1262  34.292134     1.6917     1.1934    92.9479 2.8470e+00    31.8961    24.6695     3.8512    32.0466     9.1664    24.6740          2 0.0000e+00
        679     30.500     9.1619  34.367141     1.6770     1.1754    92.8675 2.6390e+00    31.9414    24.6993     3.8018    32.0920     9.2014    24.7038          2 0.0000e+00
        681     31.000     9.2254  34.434972     1.6646     1.1426    92.7489 2.4462e+00    31.9542    24.6995     3.7592    32.1049     9.2649    24.7039          2 0.0000e+00
        683     31.500     9.2626  34.478028     1.6532     1.1313    92.7656 2.2631e+00    31.9651    24.7021     3.7230    32.1158     9.3019    24.7066          2 0.0000e+00
        686     32.000     9.2838  34.508300     1.6444     1.1286    92.7408 2.1018e+00    31.9770    24.7082     3.6960    32.1278     9.3229    24.7127          3 0.0000e+00
        688     32.500     9.2966  34.526210     1.6371     1.1235    92.7735 1.9527e+00    31.9838    24.7115     3.6742    32.1346     9.3356    24.7159          2 0.0000e+00
        690     33.000     9.2913  34.529357     1.6322     1.1305    92.7668 1.8143e+00    31.9915    24.7183     3.6607    32.1423     9.3302    24.7228          2 0.0000e+00
        692     33.500     9.2628  34.512132     1.6289     1.1074    92.6658 1.6746e+00    31.9991    24.7287     3.6545    32.1500     9.3013    24.7332          2 0.0000e+00
        694     34.000     9.2233  34.499126     1.6258     1.1056    92.5555 1.5507e+00    32.0210    24.7520     3.6484    32.1719     9.2613    24.7565          2 0.0000e+00
        697     34.500     9.2182  34.510695     1.6243     1.1238    92.3790 1.4338e+00    32.0371    24.7655     3.6451    32.1882     9.2559    24.7699          2 0.0000e+00
        699     35.000     9.2025  34.498302     1.6217     1.1168    92.2516 1.3215e+00    32.0383    24.7689     3.6411    32.1894     9.2399    24.7733          3 0.0000e+00
        701     35.500     9.1872  34.492182     1.6237     1.1062    92.2041 1.2226e+00    32.0455    24.7769     3.6520    32.1967     9.2244    24.7813          2 0.0000e+00
        703     36.000     9.1864  34.497811     1.6281     1.0971    92.0136 1.1266e+00    32.0518    24.7820     3.6682    32.2030     9.2235    24.7864          2 0.0000e+00
        706     36.500     9.1887  34.508892     1.6339     1.0881    91.8725 1.0379e+00    32.0610    24.7888     3.6870    32.2122     9.2256    24.7932          2 0.0000e+00
        708     37.000     9.1811  34.506827     1.6391     1.1076    91.7738 9.6249e-01    32.0654    24.7934     3.7034    32.2166     9.2179    24.7979          2 0.0000e+00
        710     37.500     9.1628  34.492252     1.6432     1.1000    91.7194 8.8249e-01    32.0666    24.7972     3.7166    32.2178     9.1994    24.8016          3 0.0000e+00
        712     38.000     9.1249  34.462403     1.6454     1.0832    91.6392 8.1791e-01    32.0696    24.8055     3.7251    32.2209     9.1614    24.8099          2 0.0000e+00
        714     38.500     9.1002  34.453952     1.6458     1.0876    91.5759 7.4822e-01    32.0829    24.8198     3.7270    32.2342     9.1363    24.8242          2 0.0000e+00
        717     39.000     9.1079  34.467129     1.6458     1.0971    91.4477 6.7922e-01    32.0895    24.8237     3.7266    32.2408     9.1438    24.8280          2 0.0000e+00
        719     39.500     9.1167  34.474284     1.6451     1.0775    91.4183 6.3741e-01    32.0886    24.8216     3.7268    32.2400     9.1526    24.8261          2 0.0000e+00
        721     40.000     9.1172  34.475959     1.6507     1.0771    91.3865 5.8810e-01    32.0897    24.8225     3.7493    32.2411     9.1530    24.8269          3 0.0000e+00
        723     40.500     9.1245  34.486343     1.6598     1.0721    91.3824 5.3402e-01    32.0936    24.8243     3.7815    32.2450     9.1603    24.8287          2 0.0000e+00
        725     41.000     9.1325  34.495069     1.6718     1.0714    91.3292 4.8946e-01    32.0952    24.8244     3.8209    32.2466     9.1682    24.8288          2 0.0000e+00
        728     41.500     9.1347  34.497390     1.6834     1.0714    91.3135 4.5205e-01    32.0954    24.8242     3.8575    32.2468     9.1704    24.8286          2 0.0000e+00
        730     42.000     9.1236  34.484278     1.6943     1.0714    91.3910 4.1294e-01    32.0917    24.8230     3.8917    32.2430     9.1592    24.8274          2 0.0000e+00
        732     42.500     9.0918  34.455324     1.7025     1.0810    91.3668 3.8356e-01    32.0902    24.8269     3.9199    32.2415     9.1273    24.8311          2 0.0000e+00
        734     43.000     9.0630  34.438427     1.7101     1.0827    91.3685 3.4501e-01    32.0984    24.8377     3.9458    32.2498     9.0982    24.8421          3 0.0000e+00
        736     43.500     9.0518  34.432973     1.7186     1.0727    91.4279 3.1812e-01    32.1026    24.8427     3.9728    32.2540     9.0869    24.8471          2 0.0000e+00
        739     44.000     9.0421  34.428605     1.7247     1.0627    91.4085 2.8736e-01    32.1066    24.8475     3.9917    32.2580     9.0770    24.8518          2 0.0000e+00
        741     44.500     9.0336  34.425546     1.7298     1.0719    91.5372 2.6497e-01    32.1110    24.8521     4.0081    32.2624     9.0683    24.8565          2 0.0000e+00
        743     45.000     9.0279  34.422146     1.7346     1.0714    91.5157 2.4334e-01    32.1124    24.8541     4.0234    32.2638     9.0626    24.8584          2 0.0000e+00
        745     45.500     9.0184  34.417414     1.7382     1.0624    91.4737 2.1871e-01    32.1158    24.8583     4.0349    32.2673     9.0529    24.8626          2 0.0000e+00
