data/CTD-bamfield-project/processed/D1.cnv
* Sea-Bird SBE25 Data File:
* FileName = C:\Users\Winkler\Documents\CTD data\Bamfield 2022\hex\bam221007.hex
* Software Version 1.59
* Temperature SN = 4194
* Conductivity SN = 2155
* System UpLoad Time = Feb 25 2022 14:11:42
** Station: D1
** Depth: 135 m
** Latitude: 48 51.888 N
** Longitude: 125 07.417 W
** PDT (Time): Feb 24 2022 14:39
** Cruise: Bamfield 2022 project day 1
# nquan = 16
# nvalues = 251                         
# units = specified
# name 0 = scan: Scan Count
# name 1 = prSM: Pressure, Strain Gauge [db]
# name 2 = t090C: Temperature [ITS-90, deg C]
# name 3 = c0mS/cm: Conductivity [mS/cm]
# name 4 = sbeox0V: Oxygen raw, SBE 43 [V]
# name 5 = wetStar: Fluorescence, WET Labs WETstar [mg/m^3]
# name 6 = xmiss: Beam Transmission, Chelsea/Seatech [%]
# name 7 = par: PAR/Irradiance, Biospherical/Licor
# name 8 = sal00: Salinity, Practical [PSU]
# name 9 = sigma-é00: Density [sigma-theta, kg/m^3]
# name 10 = sbeox0ML/L: Oxygen, SBE 43 [ml/l], WS = 2
# name 11 = gsw_srA0: Reference Salinity [g/kg]
# name 12 = gsw_ctA0: Conservative Temperature [ITS-90, deg C]
# name 13 = gsw_sigma0A0: density, TEOS-10 [sigma-0, kg/m^3 ]
# name 14 = nbin: number of scans per bin
# name 15 = flag: flag
# span 0 =        511,       1137       
# span 1 =      1.000,    126.000       
# span 2 =     8.1032,     9.2966       
# span 3 =  29.137256,  34.612919       
# span 4 =     1.0914,     2.4779       
# span 5 =     1.0471,     7.0709       
# span 6 =    85.3374,    93.4903       
# span 7 = 1.0000e-12, 8.3439e+02       
# span 8 =    27.4297,    32.5160       
# span 9 =    21.3217,    25.2120       
# span 10 =     1.9998,     6.7042      
# span 11 =    27.5590,    32.6693      
# span 12 =     8.1886,     9.3356      
# span 13 =    21.3249,    25.2179      
# span 14 =          1,        110      
# span 15 = 0.0000e+00, 0.0000e+00      
# interval = decibars: 0.5              
# start_time = Feb 24 2022 15:33:25 [Instrument's time stamp, header]
# bad_flag = -9.990e-29
*END*
[from data line 181]
        942     91.500     8.7724  34.437293     1.5592     1.1037    86.5241 1.0000e-12    32.3392    25.0715     3.4911    32.4916     8.7978    25.0766          2 0.0000e+00
        944     92.000     8.7717  34.440431     1.5544     1.1056    86.7112 1.0000e-12    32.3428    25.0745     3.4765    32.4954     8.7970    25.0796          2 0.0000e+00
        946     92.500     8.7698  34.443644     1.5512     1.0857    86.7264 1.0000e-12    32.3477    25.0787     3.4669    32.5002     8.7949    25.0838          2 0.0000e+00
        948     93.000     8.7695  34.444102     1.5476     1.1079    86.6285 1.0000e-12    32.3483    25.0791     3.4561    32.5008     8.7946    25.0842          2 0.0000e+00
        950     93.500     8.7697  34.444392     1.5446     1.0959    86.5173 1.0000e-12    32.3482    25.0791     3.4469    32.5007     8.7947    25.0842          2 0.0000e+00
        952     94.000     8.7695  34.445462     1.5409     1.0970    86.4853 1.0000e-12    32.3492    25.0799     3.4356    32.5017     8.7945    25.0850          2 0.0000e+00
        954     94.500     8.7694  34.446902     1.5385     1.1070    86.4757 1.0000e-12    32.3506    25.0810     3.4284    32.5031     8.7943    25.0861          2 0.0000e+00
        956     95.000     8.7696  34.448067     1.5359     1.0832    86.3724 1.0000e-12    32.3514    25.0817     3.4203    32.5040     8.7944    25.0868          3 0.0000e+00
        958     95.500     8.7696  34.448652     1.5323     1.1019    86.3480 1.0000e-12    32.3517    25.0819     3.4089    32.5043     8.7944    25.0871          2 0.0000e+00
        960     96.000     8.7697  34.448938     1.5301     1.1056    86.3214 1.0000e-12    32.3518    25.0820     3.4025    32.5044     8.7943    25.0871          2 0.0000e+00
        962     96.500     8.7697  34.449859     1.5278     1.0848    86.3495 1.0000e-12    32.3525    25.0825     3.3958    32.5051     8.7943    25.0877          2 0.0000e+00
        964     97.000     8.7695  34.450795     1.5259     1.0733    86.2841 1.0000e-12    32.3534    25.0833     3.3901    32.5060     8.7940    25.0885          2 0.0000e+00
        966     97.500     8.7692  34.451830     1.5246     1.0909    86.2529 1.0000e-12    32.3546    25.0842     3.3860    32.5072     8.7936    25.0894          2 0.0000e+00
        968     98.000     8.7684  34.452729     1.5224     1.0970    86.2497 1.0000e-12    32.3560    25.0855     3.3790    32.5086     8.7928    25.0907          2 0.0000e+00
        970     98.500     8.7674  34.453365     1.5200     1.1035    86.2395 1.0000e-12    32.3574    25.0867     3.3713    32.5100     8.7917    25.0920          2 0.0000e+00
        972     99.000     8.7640  34.452373     1.5180     1.0991    86.1551 1.0000e-12    32.3592    25.0886     3.3655    32.5118     8.7883    25.0938          2 0.0000e+00
        974     99.500     8.7589  34.451902     1.5156     1.0904    86.0458 1.0000e-12    32.3632    25.0925     3.3587    32.5158     8.7830    25.0978          2 0.0000e+00
        976    100.000     8.7525  34.452154     1.5142     1.1020    85.9471 1.0000e-12    32.3690    25.0981     3.3548    32.5216     8.7764    25.1034          2 0.0000e+00
        978    100.500     8.7475  34.453634     1.5119     1.1056    85.8285 1.0000e-12    32.3749    25.1035     3.3482    32.5276     8.7713    25.1087          2 0.0000e+00
        980    101.000     8.7471  34.455353     1.5109     1.0908    85.8643 1.0000e-12    32.3769    25.1051     3.3454    32.5295     8.7708    25.1103          2 0.0000e+00
        982    101.500     8.7475  34.455431     1.5092     1.0807    85.8611 1.0000e-12    32.3764    25.1046     3.3404    32.5291     8.7711    25.1099          2 0.0000e+00
        984    102.000     8.7450  34.455110     1.5079     1.1041    85.8726 1.0000e-12    32.3781    25.1064     3.3372    32.5308     8.7685    25.1117          2 0.0000e+00
        986    102.500     8.7412  34.454591     1.5073     1.0978    85.9349 1.0000e-12    32.3808    25.1091     3.3364    32.5335     8.7646    25.1144          2 0.0000e+00
        988    103.000     8.7344  34.451699     1.5077     1.0895    86.0116 1.0000e-12    32.3837    25.1124     3.3390    32.5364     8.7578    25.1177          2 0.0000e+00
        990    103.500     8.7285  34.450573     1.5078     1.0960    85.9861 1.0000e-12    32.3877    25.1164     3.3400    32.5405     8.7518    25.1218          2 0.0000e+00
        992    104.000     8.7259  34.450043     1.5078     1.0970    86.0641 1.0000e-12    32.3894    25.1181     3.3403    32.5421     8.7490    25.1234          2 0.0000e+00
        994    104.500     8.7223  34.447893     1.5078     1.0970    85.9542 1.0000e-12    32.3902    25.1193     3.3407    32.5429     8.7453    25.1247          2 0.0000e+00
        996    105.000     8.7187  34.445827     1.5078     1.0894    85.8803 1.0000e-12    32.3911    25.1206     3.3409    32.5438     8.7417    25.1259          2 0.0000e+00
        998    105.500     8.7164  34.443954     1.5078     1.1034    85.9203 1.0000e-12    32.3910    25.1208     3.3406    32.5437     8.7393    25.1262          2 0.0000e+00
       1000    106.000     8.7132  34.441399     1.5068     1.0984    85.8818 1.0000e-12    32.3911    25.1214     3.3369    32.5438     8.7360    25.1268          2 0.0000e+00
       1002    106.500     8.7108  34.440036     1.5045     1.0970    85.8511 1.0000e-12    32.3916    25.1223     3.3289    32.5443     8.7336    25.1277          2 0.0000e+00
       1004    107.000     8.7102  34.440487     1.5026     1.0970    85.8581 1.0000e-12    32.3924    25.1229     3.3218    32.5451     8.7329    25.1283          2 0.0000e+00
       1006    107.500     8.7114  34.442272     1.4990     1.0895    85.9193 1.0000e-12    32.3929    25.1231     3.3093    32.5456     8.7341    25.1285          2 0.0000e+00
       1008    108.000     8.7128  34.444579     1.4948     1.0809    85.9033 1.0000e-12    32.3938    25.1236     3.2941    32.5465     8.7355    25.1290          2 0.0000e+00
       1010    108.500     8.7155  34.448092     1.4894     1.1031    85.9732 1.0000e-12    32.3948    25.1240     3.2747    32.5476     8.7381    25.1295          2 0.0000e+00
       1012    109.000     8.7177  34.451240     1.4821     1.0977    86.0304 1.0000e-12    32.3959    25.1246     3.2490    32.5487     8.7402    25.1300          2 0.0000e+00
       1014    109.500     8.7189  34.452822     1.4736     1.1049    85.9727 1.0000e-12    32.3962    25.1247     3.2194    32.5490     8.7413    25.1301          2 0.0000e+00
       1016    110.000     8.7192  34.455029     1.4630     1.0979    85.9310 1.0000e-12    32.3980    25.1260     3.1834    32.5508     8.7416    25.1314          2 0.0000e+00
       1018    110.500     8.7211  34.460192     1.4516     1.0970    85.3374 1.0000e-12    32.4015    25.1284     3.1445    32.5543     8.7433    25.1339          2 0.0000e+00
       1020    111.000     8.7232  34.467764     1.4385     1.0895    85.8025 1.0000e-12    32.4072    25.1326     3.1007    32.5600     8.7453    25.1381          2 0.0000e+00
       1022    111.500     8.7266  34.476951     1.4250     1.0885    85.9415 1.0000e-12    32.4134    25.1370     3.0559    32.5663     8.7486    25.1424          2 0.0000e+00
       1024    112.000     8.7315  34.484600     1.4105     1.0885    86.0297 1.0000e-12    32.4167    25.1388     3.0084    32.5696     8.7534    25.1443          2 0.0000e+00
       1026    112.500     8.7342  34.490014     1.3960     1.0885    86.1646 1.0000e-12    32.4197    25.1407     2.9617    32.5725     8.7560    25.1462          2 0.0000e+00
       1028    113.000     8.7379  34.500593     1.3809     1.1088    86.3020 1.0000e-12    32.4272    25.1460     2.9139    32.5801     8.7595    25.1515          2 0.0000e+00
       1030    113.500     8.7417  34.511808     1.3674     1.1005    86.4162 1.0000e-12    32.4351    25.1517     2.8726    32.5881     8.7631    25.1572          2 0.0000e+00
       1032    114.000     8.7435  34.519769     1.3563     1.1041    86.4377 1.0000e-12    32.4415    25.1564     2.8398    32.5945     8.7648    25.1620          2 0.0000e+00
       1034    114.500     8.7417  34.522323     1.3471     1.1056    86.7008 1.0000e-12    32.4457    25.1600     2.8136    32.5987     8.7628    25.1656          2 0.0000e+00
       1036    115.000     8.7420  34.527335     1.3406     1.1205    86.9107 1.0000e-12    32.4503    25.1636     2.7952    32.6034     8.7630    25.1692          2 0.0000e+00
       1038    115.500     8.7483  34.535250     1.3360     1.1001    86.9703 1.0000e-12    32.4527    25.1645     2.7822    32.6057     8.7692    25.1701          2 0.0000e+00
       1040    116.000     8.7491  34.535571     1.3328     1.0823    87.0564 1.0000e-12    32.4520    25.1639     2.7724    32.6050     8.7700    25.1695          2 0.0000e+00
       1042    116.500     8.7435  34.529495     1.3294     1.1013    87.1140 1.0000e-12    32.4506    25.1636     2.7607    32.6036     8.7643    25.1692          2 0.0000e+00
       1044    117.000     8.7348  34.522486     1.3239     1.0987    87.1229 1.0000e-12    32.4510    25.1652     2.7414    32.6040     8.7556    25.1708          2 0.0000e+00
       1046    117.500     8.7260  34.519261     1.3165     1.0904    87.0495 1.0000e-12    32.4555    25.1701     2.7159    32.6085     8.7466    25.1757          2 0.0000e+00
       1048    118.000     8.7194  34.515686     1.3086     1.0885    86.9883 1.0000e-12    32.4576    25.1728     2.6890    32.6106     8.7399    25.1784          1 0.0000e+00
       1050    118.500     8.7059  34.507100     1.2976     1.1324    87.0058 1.0000e-12    32.4607    25.1772     2.6531    32.6138     8.7263    25.1830          2 0.0000e+00
       1052    119.000     8.7015  34.506250     1.2881     1.0931    86.7539 1.0000e-12    32.4636    25.1802     2.6213    32.6167     8.7218    25.1859          2 0.0000e+00
       1054    119.500     8.7039  34.515935     1.2761     1.1160    86.6826 1.0000e-12    32.4714    25.1859     2.5814    32.6245     8.7240    25.1916          2 0.0000e+00
       1056    120.000     8.7197  34.541734     1.2633     1.1142    86.6782 1.0000e-12    32.4836    25.1931     2.5374    32.6368     8.7396    25.1988          2 0.0000e+00
       1058    120.500     8.7276  34.547542     1.2490     1.1047    86.7094 1.0000e-12    32.4821    25.1908     2.4901    32.6353     8.7475    25.1965          2 0.0000e+00
       1060    121.000     8.7326  34.553562     1.2343     1.0866    86.7960 1.0000e-12    32.4837    25.1912     2.4423    32.6368     8.7524    25.1969          2 0.0000e+00
       1062    121.500     8.7372  34.558204     1.2199     1.0885    86.7870 1.0000e-12    32.4841    25.1909     2.3969    32.6373     8.7569    25.1966          2 0.0000e+00
       1064    122.000     8.7430  34.566975     1.2064     1.0979    86.6983 1.0000e-12    32.4877    25.1928     2.3548    32.6409     8.7627    25.1985          2 0.0000e+00
       1066    122.500     8.7555  34.583414     1.1953     1.0874    86.7368 1.0000e-12    32.4932    25.1953     2.3194    32.6464     8.7750    25.2010          2 0.0000e+00
       1068    123.000     8.7649  34.592845     1.1836     1.2011    86.8137 1.0000e-12    32.4942    25.1946     2.2817    32.6474     8.7844    25.2003          2 0.0000e+00
       1070    123.500     8.7650  34.595094     1.1709     1.0788    87.1593 1.0000e-12    32.4963    25.1962     2.2412    32.6495     8.7844    25.2019          2 0.0000e+00
       1072    124.000     8.7693  34.601901     1.1610     1.0867    87.3884 1.0000e-12    32.4992    25.1978     2.2105    32.6524     8.7886    25.2036          2 0.0000e+00
       1074    124.500     8.7722  34.604680     1.1505     1.0780    87.4693 1.0000e-12    32.4992    25.1975     2.1791    32.6525     8.7915    25.2032          2 0.0000e+00
       1076    125.000     8.7629  34.598873     1.1438     1.0946    87.6481 1.0000e-12    32.5014    25.2005     2.1605    32.6546     8.7821    25.2063          3 0.0000e+00
       1079    125.500     8.7603  34.606384     1.1371     1.0893    87.6653 1.0000e-12    32.5114    25.2088     2.1412    32.6647     8.7793    25.2146          3 0.0000e+00
       1137    126.000     8.7625  34.612919     1.0914     1.0940    87.8842 1.0000e-12    32.5160    25.2120     1.9998    32.6693     8.7813    25.2179        110 0.0000e+00
