data/CTD-bamfield-project/processed/D1.cnv
* Sea-Bird SBE25 Data File:
* FileName = C:\Users\Winkler\Documents\CTD data\Bamfield 2022\hex\bam221007.hex
* Software Version 1.59
* Temperature SN = 4194
* Conductivity SN = 2155
* System UpLoad Time = Feb 25 2022 14:11:42
** Station: D1
** Depth: 135 m
** Latitude: 48 51.888 N
** Longitude: 125 07.417 W
** PDT (Time): Feb 24 2022 14:39
** Cruise: Bamfield 2022 project day 1
# nquan = 16
# nvalues = 251                         
# units = specified
# name 0 = scan: Scan Count
# name 1 = prSM: Pressure, Strain Gauge [db]
# name 2 = t090C: Temperature [ITS-90, deg C]
# name 3 = c0mS/cm: Conductivity [mS/cm]
# name 4 = sbeox0V: Oxygen raw, SBE 43 [V]
# name 5 = wetStar: Fluorescence, WET Labs WETstar [mg/m^3]
# name 6 = xmiss: Beam Transmission, Chelsea/Seatech [%]
# name 7 = par: PAR/Irradiance, Biospherical/Licor
# name 8 = sal00: Salinity, Practical [PSU]
# name 9 = sigma-é00: Density [sigma-theta, kg/m^3]
# name 10 = sbeox0ML/L: Oxygen, SBE 43 [ml/l], WS = 2
# name 11 = gsw_srA0: Reference Salinity [g/kg]
# name 12 = gsw_ctA0: Conservative Temperature [ITS-90, deg C]
# name 13 = gsw_sigma0A0: density, TEOS-10 [sigma-0, kg/m^3 ]
# name 14 = nbin: number of scans per bin
# name 15 = flag: flag
# span 0 =        511,       1137       
# span 1 =      1.000,    126.000       
# span 2 =     8.1032,     9.2966       
# span 3 =  29.137256,  34.612919       
# span 4 =     1.0914,     2.4779       
# span 5 =     1.0471,     7.0709       
# span 6 =    85.3374,    93.4903       
# span 7 = 1.0000e-12, 8.3439e+02       
# span 8 =    27.4297,    32.5160       
# span 9 =    21.3217,    25.2120       
# span 10 =     1.9998,     6.7042      
# span 11 =    27.5590,    32.6693      
# span 12 =     8.1886,     9.3356      
# span 13 =    21.3249,    25.2179      
# span 14 =          1,        110      
# span 15 = 0.0000e+00, 0.0000e+00      
# interval = decibars: 0.5              
# start_time = Feb 24 2022 15:33:25 [Instrument's time stamp, header]
# bad_flag = -9.990e-29
*END*
[from data line 91]
        749     46.500     9.0009  34.410455     1.7432     1.0543    91.5040 1.7663e-01    32.1240    24.8674     4.0511    32.2754     9.0351    24.8717          2 0.0000e+00
        751     47.000     8.9936  34.406832     1.7453     1.0543    91.4504 1.6203e-01    32.1266    24.8706     4.0577    32.2780     9.0277    24.8749          2 0.0000e+00
        754     47.500     8.9819  34.403050     1.7474     1.0637    91.4195 1.5281e-01    32.1330    24.8774     4.0637    32.2845     9.0158    24.8817          2 0.0000e+00
        756     48.000     8.9767  34.402595     1.7450     1.0629    91.3413 1.3693e-01    32.1369    24.8813     4.0543    32.2885     9.0105    24.8856          2 0.0000e+00
        758     48.500     8.9728  34.400130     1.7422     1.0774    91.3505 1.1775e-01    32.1377    24.8825     4.0450    32.2893     9.0065    24.8868          3 0.0000e+00
        760     49.000     8.9700  34.399115     1.7379     1.0644    91.3305 1.0481e-01    32.1390    24.8839     4.0314    32.2905     9.0037    24.8882          2 0.0000e+00
        762     49.500     8.9666  34.398220     1.7351     1.0545    91.2495 9.3695e-02    32.1409    24.8860     4.0222    32.2925     9.0001    24.8903          2 0.0000e+00
        765     50.000     8.9639  34.400654     1.7309     1.0735    91.1873 8.0005e-02    32.1457    24.8901     4.0089    32.2973     8.9973    24.8944          2 0.0000e+00
        767     50.500     8.9726  34.415376     1.7252     1.0714    91.1129 7.1764e-02    32.1529    24.8944     3.9909    32.3045     9.0059    24.8987          3 0.0000e+00
        769     51.000     8.9746  34.416464     1.7222     1.0630    91.1001 6.4315e-02    32.1520    24.8934     3.9825    32.3036     9.0078    24.8978          2 0.0000e+00
        772     51.500     8.9695  34.414149     1.7208     1.0537    91.0567 4.5781e-02    32.1539    24.8957     3.9787    32.3055     9.0027    24.9001          2 0.0000e+00
        774     52.000     8.9658  34.413893     1.7175     1.0641    90.9672 4.2719e-02    32.1567    24.8985     3.9679    32.3084     8.9989    24.9029          2 0.0000e+00
        776     52.500     8.9623  34.416755     1.7135     1.0544    90.9569 2.9732e-02    32.1627    24.9037     3.9555    32.3144     8.9951    24.9081          3 0.0000e+00
        778     53.000     8.9639  34.419969     1.7104     1.0471    90.8845 2.0802e-02    32.1644    24.9048     3.9465    32.3161     8.9967    24.9092          2 0.0000e+00
        780     53.500     8.9456  34.403464     1.7077     1.0776    90.7213 1.1831e-02    32.1635    24.9070     3.9403    32.3152     8.9783    24.9114          2 0.0000e+00
        783     54.000     8.9241  34.394310     1.7056     1.0529    90.6534 5.3081e-03    32.1734    24.9179     3.9357    32.3251     8.9565    24.9223          2 0.0000e+00
        785     54.500     8.9308  34.413799     1.7035     1.0738    90.8859 5.3916e-04    32.1872    24.9278     3.9275    32.3390     8.9630    24.9322          2 0.0000e+00
        787     55.000     8.9266  34.411481     1.6992     1.0602    90.8051 2.0197e-05    32.1884    24.9294     3.9126    32.3402     8.9587    24.9338          3 0.0000e+00
        789     55.500     8.9097  34.400521     1.6936     1.0700    90.6623 1.0000e-12    32.1922    24.9349     3.8949    32.3440     8.9416    24.9393          2 0.0000e+00
        791     56.000     8.8980  34.396039     1.6868     1.0543    90.6027 1.0000e-12    32.1979    24.9412     3.8731    32.3497     8.9297    24.9456          2 0.0000e+00
        794     56.500     8.9011  34.400994     1.6799     1.0640    90.6027 1.0000e-12    32.2000    24.9424     3.8511    32.3518     8.9327    24.9468          2 0.0000e+00
        796     57.000     8.9037  34.405527     1.6727     1.0600    90.4825 1.0000e-12    32.2021    24.9437     3.8286    32.3540     8.9352    24.9481          3 0.0000e+00
        798     57.500     8.9075  34.413258     1.6667     1.0625    90.4340 1.0000e-12    32.2065    24.9465     3.8097    32.3584     8.9389    24.9509          2 0.0000e+00
        801     58.000     8.9108  34.420261     1.6610     1.0629    90.3598 1.0000e-12    32.2106    24.9492     3.7910    32.3625     8.9421    24.9536          2 0.0000e+00
        803     58.500     8.9098  34.423410     1.6536     1.0714    90.2851 1.0000e-12    32.2145    24.9524     3.7678    32.3664     8.9410    24.9569          3 0.0000e+00
        805     59.000     8.9056  34.421459     1.6472     1.0714    90.1482 1.0000e-12    32.2161    24.9543     3.7486    32.3680     8.9367    24.9588          2 0.0000e+00
        808     59.500     8.8976  34.417202     1.6416     1.0659    90.0730 1.0000e-12    32.2187    24.9576     3.7329    32.3706     8.9286    24.9621          3 0.0000e+00
        810     60.000     8.8945  34.421165     1.6371     1.0709    89.8579 1.0000e-12    32.2254    24.9633     3.7201    32.3773     8.9253    24.9678          2 0.0000e+00
        813     60.500     8.8950  34.429314     1.6340     1.0714    89.6928 1.0000e-12    32.2332    24.9693     3.7119    32.3851     8.9256    24.9738          2 0.0000e+00
        815     61.000     8.8863  34.425179     1.6324     1.0714    89.5492 1.0000e-12    32.2366    24.9733     3.7088    32.3886     8.9168    24.9778          3 0.0000e+00
        817     61.500     8.8774  34.421143     1.6318     1.0714    89.4173 1.0000e-12    32.2402    24.9775     3.7084    32.3922     8.9079    24.9820          2 0.0000e+00
        820     62.000     8.8749  34.420019     1.6305     1.0891    89.2960 1.0000e-12    32.2411    24.9786     3.7049    32.3931     8.9052    24.9831          2 0.0000e+00
        822     62.500     8.8743  34.420231     1.6298     1.0786    89.1597 1.0000e-12    32.2417    24.9792     3.7036    32.3937     8.9045    24.9837          2 0.0000e+00
        824     63.000     8.8725  34.418575     1.6308     1.0648    89.1738 1.0000e-12    32.2413    24.9792     3.7081    32.3933     8.9027    24.9837          3 0.0000e+00
        827     63.500     8.8699  34.416833     1.6312     1.0716    89.0949 1.0000e-12    32.2416    24.9799     3.7104    32.3937     8.9000    24.9844          2 0.0000e+00
        829     64.000     8.8687  34.415947     1.6332     1.0771    89.1293 1.0000e-12    32.2415    24.9800     3.7180    32.3936     8.8988    24.9845          3 0.0000e+00
        831     64.500     8.8679  34.415195     1.6353     1.0632    89.0725 1.0000e-12    32.2413    24.9799     3.7259    32.3933     8.8979    24.9845          2 0.0000e+00
        834     65.000     8.8664  34.413994     1.6384     1.0712    89.0841 1.0000e-12    32.2412    24.9801     3.7369    32.3932     8.8964    24.9846          3 0.0000e+00
        836     65.500     8.8656  34.412988     1.6427     1.0631    89.0844 1.0000e-12    32.2407    24.9798     3.7508    32.3927     8.8955    24.9844          2 0.0000e+00
        839     66.000     8.8615  34.409564     1.6456     1.0764    89.0760 1.0000e-12    32.2406    24.9804     3.7602    32.3927     8.8913    24.9850          3 0.0000e+00
        841     66.500     8.8582  34.406631     1.6475     1.0719    89.1203 1.0000e-12    32.2403    24.9807     3.7658    32.3923     8.8880    24.9852          2 0.0000e+00
        844     67.000     8.8542  34.403044     1.6490     1.0714    89.1671 1.0000e-12    32.2400    24.9811     3.7710    32.3921     8.8839    24.9857          2 0.0000e+00
        846     67.500     8.8497  34.400382     1.6510     1.0714    89.1183 1.0000e-12    32.2411    24.9826     3.7786    32.3931     8.8794    24.9872          2 0.0000e+00
        848     68.000     8.8493  34.401219     1.6531     1.0657    89.0936 1.0000e-12    32.2421    24.9835     3.7862    32.3941     8.8789    24.9881          3 0.0000e+00
        850     68.500     8.8497  34.401999     1.6559     1.0632    89.1335 1.0000e-12    32.2423    24.9835     3.7959    32.3944     8.8793    24.9882          2 0.0000e+00
        853     69.000     8.8487  34.401996     1.6587     1.0541    89.1108 1.0000e-12    32.2430    24.9843     3.8062    32.3950     8.8782    24.9889          2 0.0000e+00
        855     69.500     8.8456  34.400587     1.6638     1.0705    89.1113 1.0000e-12    32.2442    24.9857     3.8240    32.3962     8.8750    24.9903          3 0.0000e+00
        857     70.000     8.8421  34.397669     1.6683     1.0714    89.0998 1.0000e-12    32.2441    24.9861     3.8395    32.3961     8.8714    24.9908          2 0.0000e+00
        859     70.500     8.8379  34.395555     1.6729     1.0714    89.0979 1.0000e-12    32.2455    24.9879     3.8553    32.3975     8.8671    24.9925          2 0.0000e+00
        861     71.000     8.8368  34.395285     1.6782     1.0714    89.0257 1.0000e-12    32.2460    24.9885     3.8743    32.3980     8.8660    24.9931          2 0.0000e+00
        863     71.500     8.8338  34.390475     1.6844     1.0714    88.9502 1.0000e-12    32.2434    24.9869     3.8960    32.3954     8.8630    24.9916          2 0.0000e+00
        865     72.000     8.8211  34.377204     1.6921     1.0714    89.0029 1.0000e-12    32.2409    24.9869     3.9221    32.3930     8.8502    24.9916          1 0.0000e+00
        867     72.500     8.8060  34.373702     1.6985     1.0714    88.8349 1.0000e-12    32.2508    24.9969     3.9420    32.4028     8.8349    25.0016          2 0.0000e+00
        868     73.000     8.8068  34.386492     1.7018     1.0795    88.7793 1.0000e-12    32.2632    25.0065     3.9479    32.4153     8.8354    25.0112          2 0.0000e+00
        870     73.500     8.8024  34.382818     1.7033     1.0890    88.4768 1.0000e-12    32.2632    25.0072     3.9483    32.4153     8.8310    25.0119          1 0.0000e+00
        872     74.000     8.7887  34.372242     1.6988     1.0783    88.1400 1.0000e-12    32.2643    25.0102     3.9308    32.4164     8.8172    25.0149          2 0.0000e+00
        874     74.500     8.7827  34.367948     1.6926     1.0888    87.8781 1.0000e-12    32.2651    25.0118     3.9078    32.4173     8.8111    25.0164          2 0.0000e+00
        875     75.000     8.7758  34.363489     1.6841     1.0803    87.7089 1.0000e-12    32.2665    25.0139     3.8795    32.4186     8.8041    25.0185          2 0.0000e+00
        877     75.500     8.7766  34.367841     1.6739     1.0800    87.4625 1.0000e-12    32.2701    25.0166     3.8466    32.4223     8.8047    25.0213          2 0.0000e+00
        879     76.000     8.7803  34.375609     1.6655     1.0728    87.3755 1.0000e-12    32.2746    25.0196     3.8203    32.4268     8.8083    25.0243          2 0.0000e+00
        881     76.500     8.7929  34.394027     1.6564     1.0714    87.4098 1.0000e-12    32.2821    25.0235     3.7925    32.4343     8.8208    25.0282          2 0.0000e+00
        883     77.000     8.8081  34.409168     1.6503     1.0641    87.4874 1.0000e-12    32.2838    25.0226     3.7748    32.4361     8.8360    25.0273          2 0.0000e+00
        885     77.500     8.8103  34.413793     1.6474     1.0847    87.6137 1.0000e-12    32.2864    25.0242     3.7689    32.4386     8.8381    25.0290          2 0.0000e+00
        887     78.000     8.8100  34.415250     1.6460     1.0666    87.5418 1.0000e-12    32.2880    25.0256     3.7672    32.4402     8.8377    25.0304          2 0.0000e+00
        889     78.500     8.8084  34.415133     1.6474     1.0855    87.4904 1.0000e-12    32.2891    25.0266     3.7736    32.4413     8.8361    25.0314          2 0.0000e+00
        891     79.000     8.8074  34.414838     1.6482     1.0809    87.4376 1.0000e-12    32.2894    25.0271     3.7768    32.4417     8.8350    25.0319          2 0.0000e+00
        893     79.500     8.8046  34.412292     1.6493     1.0800    87.3970 1.0000e-12    32.2891    25.0273     3.7803    32.4414     8.8321    25.0321          2 0.0000e+00
        895     80.000     8.7956  34.404561     1.6495     1.0730    87.3152 1.0000e-12    32.2891    25.0286     3.7811    32.4413     8.8231    25.0334          2 0.0000e+00
        897     80.500     8.7855  34.397925     1.6490     1.0981    87.1927 1.0000e-12    32.2912    25.0318     3.7800    32.4434     8.8128    25.0366          2 0.0000e+00
        899     81.000     8.7794  34.396926     1.6479     1.0921    87.0993 1.0000e-12    32.2954    25.0360     3.7768    32.4477     8.8066    25.0409          2 0.0000e+00
        901     81.500     8.7792  34.399658     1.6471     1.0885    87.0283 1.0000e-12    32.2982    25.0383     3.7743    32.4505     8.8063    25.0431          2 0.0000e+00
        903     82.000     8.7804  34.402684     1.6460     1.0749    86.8765 1.0000e-12    32.3000    25.0396     3.7710    32.4524     8.8075    25.0444          2 0.0000e+00
        905     82.500     8.7807  34.404283     1.6453     1.0714    86.7885 1.0000e-12    32.3012    25.0405     3.7686    32.4536     8.8076    25.0453          2 0.0000e+00
        907     83.000     8.7806  34.405562     1.6443     1.0714    86.7630 1.0000e-12    32.3024    25.0414     3.7650    32.4547     8.8074    25.0463          2 0.0000e+00
        909     83.500     8.7808  34.406220     1.6425     1.0714    86.7714 1.0000e-12    32.3027    25.0416     3.7592    32.4550     8.8076    25.0465          2 0.0000e+00
        911     84.000     8.7801  34.406862     1.6405     1.0789    86.8911 1.0000e-12    32.3038    25.0426     3.7526    32.4561     8.8069    25.0475          2 0.0000e+00
        913     84.500     8.7783  34.407285     1.6387     1.0800    86.8353 1.0000e-12    32.3057    25.0443     3.7461    32.4580     8.8049    25.0492          2 0.0000e+00
        915     85.000     8.7756  34.405959     1.6352     1.0878    86.9137 1.0000e-12    32.3065    25.0454     3.7341    32.4588     8.8022    25.0503          2 0.0000e+00
        917     85.500     8.7735  34.406877     1.6314     1.0885    86.8717 1.0000e-12    32.3092    25.0479     3.7213    32.4615     8.7999    25.0528          2 0.0000e+00
        919     86.000     8.7753  34.410675     1.6267     1.0806    86.8059 1.0000e-12    32.3112    25.0492     3.7049    32.4636     8.8017    25.0541          2 0.0000e+00
        921     86.500     8.7735  34.410880     1.6207     1.0954    86.7518 1.0000e-12    32.3129    25.0507     3.6848    32.4652     8.7998    25.0556          2 0.0000e+00
        923     87.000     8.7714  34.409813     1.6141     1.1048    86.7833 1.0000e-12    32.3135    25.0516     3.6633    32.4659     8.7976    25.0565          2 0.0000e+00
        925     87.500     8.7704  34.413377     1.6065     1.0812    86.7232 1.0000e-12    32.3178    25.0551     3.6395    32.4702     8.7966    25.0600          2 0.0000e+00
        928     88.000     8.7744  34.421906     1.6003     1.0889    86.7340 1.0000e-12    32.3228    25.0584     3.6196    32.4752     8.8004    25.0634          2 0.0000e+00
        930     88.500     8.7769  34.424033     1.5936     1.0885    86.7800 1.0000e-12    32.3226    25.0578     3.5984    32.4750     8.8029    25.0628          2 0.0000e+00
        932     89.000     8.7775  34.425845     1.5873     1.0885    86.8524 1.0000e-12    32.3237    25.0586     3.5781    32.4761     8.8034    25.0636          2 0.0000e+00
        934     89.500     8.7787  34.431429     1.5815     1.0788    86.7647 1.0000e-12    32.3282    25.0620     3.5598    32.4806     8.8044    25.0670          2 0.0000e+00
        936     90.000     8.7791  34.433826     1.5755     1.0989    86.5353 1.0000e-12    32.3301    25.0634     3.5409    32.4826     8.8048    25.0684          2 0.0000e+00
        938     90.500     8.7774  34.434570     1.5699     1.0872    86.4816 1.0000e-12    32.3323    25.0654     3.5236    32.4847     8.8030    25.0704          2 0.0000e+00
