data/CTD-bamfield-project/Raw/bam221008.cnv
* Sea-Bird SBE25 Data File:
* FileName = C:\Users\Winkler\Documents\CTD data\Bamfield 2022\hex\bam221008.hex
* Software Version 1.59
* Temperature SN = 4194
* Conductivity SN = 2155
* System UpLoad Time = Feb 25 2022 14:13:21
* ds
* SBE 25 CTD  V 4.1b SN 0363   02/25/22  14:58:12.031
# nquan = 15
# nvalues = 120                         
# units = specified
# name 0 = scan: Scan Count
# name 1 = prSM: Pressure, Strain Gauge [db]
# name 2 = t090C: Temperature [ITS-90, deg C]
# name 3 = c0mS/cm: Conductivity [mS/cm]
# name 4 = sbeox0V: Oxygen raw, SBE 43 [V]
# name 5 = wetStar: Fluorescence, WET Labs WETstar [mg/m^3]
# name 6 = xmiss: Beam Transmission, Chelsea/Seatech [%]
# name 7 = par: PAR/Irradiance, Biospherical/Licor
# name 8 = sal00: Salinity, Practical [PSU]
# name 9 = sigma-é00: Density [sigma-theta, kg/m^3]
# name 10 = depSM: Depth [salt water, m], lat = 0
# name 11 = sbox0Mm/Kg: Oxygen, SBE 43 [umol/kg], WS = 2
# name 12 = potemp090C: Potential Temperature [ITS-90, deg C]
# name 13 = nbin: number of scans per bin
# name 14 = flag: flag
# span 0 =        530,        938       
# span 1 =      1.000,     60.500       
# span 2 =     7.9703,     8.9579       
# span 3 =  30.705144,  34.150523       
# span 4 =     1.6416,     2.3738       
# span 5 =     1.3673,     8.6790       
# span 6 =    86.0604,    92.2747       
# span 7 = -1.749e-04, 6.4131e+02       
# span 8 =    28.8941,    32.0878       
# span 9 =    22.4405,    24.8796       
# span 10 =      0.995,     60.159      
# span 11 =    140.018,    233.147      
# span 12 =     7.9693,     8.9550      
# span 13 =          2,         82      
# span 14 = 0.0000e+00, 0.0000e+00      
# interval = decibars: 0.5              
# start_time = Feb 24 2022 17:00:59 [Instrument's time stamp, header]
# bad_flag = -9.990e-29
*END*
        530      1.000     8.3085  30.705144     2.3609     3.7474    90.7850 5.7929e+02    28.8941    22.4405      0.995    232.846     8.3084         82 0.0000e+00
        586      1.500     8.3266  30.744892     2.3559     4.5305    90.8272 6.4131e+02    28.9204    22.4585      1.492    231.414     8.3265          6 0.0000e+00
        590      2.000     8.3354  30.795838     2.3523     5.3732    90.7975 4.2781e+02    28.9659    22.4930      1.989    231.014     8.3352          4 0.0000e+00
        594      2.500     8.3608  30.941470     2.3513     6.1151    90.8533 3.2977e+02    29.0961    22.5913      2.486    230.047     8.3606          3 0.0000e+00
        597      3.000     8.3991  31.192895     2.3448     6.4494    90.6526 2.3864e+02    29.3255    22.7655      2.984    227.018     8.3988          3 0.0000e+00
        600      3.500     8.4045  31.391478     2.3290     6.4098    90.2144 2.4279e+02    29.5272    22.9227      3.481    223.307     8.4042          3 0.0000e+00
        603      4.000     8.3919  31.556831     2.3111     5.8481    89.5893 2.1128e+02    29.7097    23.0674      3.978    221.637     8.3915          3 0.0000e+00
        606      4.500     8.3835  31.746603     2.3009     6.8405    89.3649 1.4386e+02    29.9143    23.2288      4.475    222.376     8.3831          2 0.0000e+00
        608      5.000     8.4245  32.198564     2.3037     7.1567    89.5660 1.3645e+02    30.3505    23.5645      4.973    224.142     8.4240          3 0.0000e+00
        611      5.500     8.5102  32.892687     2.3135     7.5885    89.3495 1.0684e+02    31.0002    24.0609      5.470    225.230     8.5097          3 0.0000e+00
        614      6.000     8.4704  32.976947     2.3275     8.4102    88.7170 1.0270e+02    31.1231    24.1630      5.967    227.315     8.4698          3 0.0000e+00
        616      6.500     8.3068  32.828580     2.3392     8.0475    88.5889 9.3852e+01    31.1120    24.1782      6.465    229.370     8.3062          2 0.0000e+00
        619      7.000     8.1483  32.701695     2.3486     7.6992    87.9593 7.9887e+01    31.1186    24.2061      6.961    231.003     8.1477          3 0.0000e+00
        622      7.500     8.0821  32.656462     2.3566     8.3152    87.4959 6.7168e+01    31.1295    24.2240      7.458    232.019     8.0814          2 0.0000e+00
        624      8.000     8.0523  32.636426     2.3648     8.6080    87.1776 5.6603e+01    31.1345    24.2323      7.956    232.986     8.0516          3 0.0000e+00
        627      8.500     8.0309  32.635202     2.3715     8.2994    87.0352 5.0268e+01    31.1521    24.2491      8.453    233.147     8.0301          3 0.0000e+00
        630      9.000     8.0136  32.631616     2.3738     8.3275    87.1471 4.4777e+01    31.1635    24.2605      8.950    231.880     8.0127          3 0.0000e+00
        633      9.500     8.0008  32.619419     2.3675     8.3307    87.1268 3.8434e+01    31.1617    24.2609      9.447    228.950     7.9999          3 0.0000e+00
        635     10.000     7.9807  32.602091     2.3526     8.6790    86.9652 3.3533e+01    31.1611    24.2632      9.945    225.445     7.9798          2 0.0000e+00
        638     10.500     7.9703  32.610688     2.3358     7.7606    86.4394 2.9600e+01    31.1792    24.2790     10.442    222.553     7.9693          2 0.0000e+00
        640     11.000     7.9795  32.629863     2.3174     7.2535    86.8956 2.5816e+01    31.1911    24.2870     10.939    220.391     7.9784          3 0.0000e+00
        643     11.500     8.0287  32.706337     2.3006     7.0147    87.1553 2.2560e+01    31.2280    24.3089     11.436    218.573     8.0276          2 0.0000e+00
        645     12.000     8.1063  32.784051     2.2859     7.0490    87.7846 1.9356e+01    31.2407    24.3079     11.934    217.167     8.1052          3 0.0000e+00
        648     12.500     8.1517  32.825066     2.2740     6.3817    88.1338 1.6747e+01    31.2433    24.3035     12.431    216.301     8.1505          2 0.0000e+00
        650     13.000     8.1584  32.846899     2.2647     6.3821    88.4888 1.4763e+01    31.2601    24.3157     12.928    215.799     8.1572          3 0.0000e+00
        652     13.500     8.1532  32.837066     2.2588     6.6606    88.7020 1.3202e+01    31.2541    24.3118     13.426    215.526     8.1519          2 0.0000e+00
        655     14.000     8.1088  32.807794     2.2523     6.9636    89.1328 1.1629e+01    31.2627    24.3248     13.922    214.959     8.1074          3 0.0000e+00
        658     14.500     8.0904  32.795924     2.2448     6.6600    89.1650 1.0401e+01    31.2664    24.3303     14.419    213.989     8.0890          2 0.0000e+00
        660     15.000     8.0744  32.781246     2.2351     5.9382    89.2485 9.5667e+00    31.2649    24.3314     14.917    212.637     8.0730          3 0.0000e+00
        663     15.500     8.0667  32.777652     2.2267     5.9889    89.2725 8.7709e+00    31.2677    24.3348     15.414    211.368     8.0652          3 0.0000e+00
        665     16.000     8.0760  32.799346     2.2172     5.7357    89.2345 7.8326e+00    31.2821    24.3448     15.912    209.833     8.0745          2 0.0000e+00
        668     16.500     8.1191  32.865421     2.2068     5.2045    89.3482 6.9494e+00    31.3132    24.3630     16.409    208.032     8.1175          2 0.0000e+00
        670     17.000     8.1534  32.905128     2.1960     5.3641    89.7907 6.1663e+00    31.3243    24.3668     16.906    206.299     8.1518          3 0.0000e+00
        673     17.500     8.1669  32.923302     2.1826     4.8015    90.0768 5.5536e+00    31.3311    24.3702     17.403    204.626     8.1652          2 0.0000e+00
        675     18.000     8.2258  33.008409     2.1699     4.5004    89.9998 5.1083e+00    31.3680    24.3907     17.901    203.207     8.2241          3 0.0000e+00
        678     18.500     8.3004  33.087668     2.1603     4.6906    90.2938 4.6655e+00    31.3846    24.3929     18.397    202.209     8.2986          3 0.0000e+00
        680     19.000     8.3135  33.116973     2.1529     4.9421    90.5396 4.2002e+00    31.4035    24.4058     18.895    201.599     8.3116          2 0.0000e+00
        683     19.500     8.3109  33.141953     2.1450     4.9695    90.7395 3.7692e+00    31.4318    24.4284     19.392    201.034     8.3090          3 0.0000e+00
        686     20.000     8.3148  33.150996     2.1390     4.6109    90.8809 3.4596e+00    31.4376    24.4323     19.889    200.714     8.3129          4 0.0000e+00
        690     20.500     8.3009  33.142785     2.1332     4.3882    90.6739 3.1365e+00    31.4412    24.4372     20.386    200.521     8.2989          4 0.0000e+00
        695     21.000     8.2967  33.143681     2.1297     4.3490    90.6361 2.8335e+00    31.4457    24.4413     20.884    199.269     8.2946          4 0.0000e+00
        699     21.500     8.3080  33.160560     2.1119     4.2135    90.6569 2.5959e+00    31.4531    24.4455     21.381    193.886     8.3059          4 0.0000e+00
        702     22.000     8.3096  33.170148     2.0799     4.0749    90.8666 2.3503e+00    31.4615    24.4519     21.878    189.338     8.3075          4 0.0000e+00
        706     22.500     8.3389  33.221727     2.0551     3.4294    90.9189 2.1509e+00    31.4893    24.4694     22.375    187.762     8.3367          3 0.0000e+00
        709     23.000     8.5210  33.476118     2.0418     3.1524    90.8926 1.9586e+00    31.5929    24.5238     22.872    185.825     8.5187          3 0.0000e+00
        712     23.500     8.5906  33.531739     2.0252     3.0684    90.9727 1.7726e+00    31.5886    24.5101     23.370    182.273     8.5883          3 0.0000e+00
        715     24.000     8.5195  33.458975     2.0014     3.2974    91.3727 1.6172e+00    31.5758    24.5107     23.867    178.417     8.5171          3 0.0000e+00
        719     24.500     8.4425  33.405503     1.9739     2.9509    91.3888 1.4777e+00    31.5885    24.5320     24.364    175.186     8.4401          4 0.0000e+00
        722     25.000     8.5250  33.537289     1.9478     2.5867    91.2511 1.3523e+00    31.6523    24.5698     24.861    171.494     8.5225          3 0.0000e+00
        725     25.500     8.6917  33.711737     1.9174     2.3124    91.3395 1.2340e+00    31.6850    24.5705     25.358    166.723     8.6891          3 0.0000e+00
        728     26.000     8.7538  33.792761     1.8846     2.0254    91.7758 1.1430e+00    31.7136    24.5836     25.856    162.526     8.7512          3 0.0000e+00
        731     26.500     8.7855  33.845311     1.8588     1.8619    91.7171 1.0635e+00    31.7398    24.5993     26.353    160.302     8.7828          3 0.0000e+00
        734     27.000     8.8451  33.934575     1.8404     1.7027    91.8106 9.6724e-01    31.7790    24.6209     26.850    159.184     8.8423          3 0.0000e+00
        737     27.500     8.9270  34.040395     1.8259     1.5972    91.9496 8.9008e-01    31.8152    24.6368     27.347    158.541     8.9242          3 0.0000e+00
        740     28.000     8.9579  34.077552     1.8174     1.5478    92.2747 8.2968e-01    31.8258    24.6404     27.844    158.445     8.9550          3 0.0000e+00
        743     28.500     8.8757  34.016589     1.8117     1.5498    92.2657 7.7101e-01    31.8360    24.6609     28.341    158.774     8.8728          3 0.0000e+00
        746     29.000     8.8401  33.989430     1.8096     1.5501    92.1883 7.0985e-01    31.8395    24.6691     28.838    158.957     8.8371          3 0.0000e+00
        749     29.500     8.8203  33.976370     1.8072     1.5450    92.1350 6.5213e-01    31.8435    24.6752     29.336    158.509     8.8173          3 0.0000e+00
        752     30.000     8.7838  33.940576     1.8025     1.5148    92.2182 6.0999e-01    31.8388    24.6771     29.833    157.747     8.7808          2 0.0000e+00
        754     30.500     8.7425  33.909232     1.7975     1.5546    92.1692 5.7168e-01    31.8431    24.6867     30.330    157.087     8.7394          3 0.0000e+00
        757     31.000     8.7146  33.896339     1.7912     1.5082    92.1370 5.2310e-01    31.8545    24.6999     30.828    156.368     8.7115          3 0.0000e+00
        760     31.500     8.7331  33.941514     1.7846     1.4907    92.0621 4.8463e-01    31.8847    24.7208     31.325    155.620     8.7299          4 0.0000e+00
        764     32.000     8.7537  33.968182     1.7787     1.4825    91.9277 4.5471e-01    31.8938    24.7247     31.822    154.959     8.7504          3 0.0000e+00
        767     32.500     8.7688  33.987103     1.7738     1.4728    91.5278 4.2339e-01    31.8996    24.7271     32.319    154.496     8.7655          2 0.0000e+00
        769     33.000     8.7741  33.994706     1.7700     1.4574    91.3298 3.9263e-01    31.9026    24.7286     32.816    154.309     8.7708          3 0.0000e+00
        772     33.500     8.7768  34.004964     1.7682     1.4648    91.3137 3.5200e-01    31.9106    24.7344     33.313    154.301     8.7734          3 0.0000e+00
        775     34.000     8.7708  34.008700     1.7658     1.4467    91.3428 3.2265e-01    31.9197    24.7425     33.811    154.113     8.7674          3 0.0000e+00
        778     34.500     8.7637  34.008168     1.7643     1.4417    91.1409 3.0344e-01    31.9253    24.7480     34.308    154.030     8.7602          3 0.0000e+00
        781     35.000     8.7496  34.003077     1.7627     1.4635    91.0337 2.7415e-01    31.9324    24.7556     34.805    153.956     8.7461          3 0.0000e+00
        784     35.500     8.7285  33.995192     1.7619     1.4288    90.9155 2.4463e-01    31.9431    24.7673     35.302    153.998     8.7249          3 0.0000e+00
        787     36.000     8.7263  33.996227     1.7606     1.4305    90.7471 2.2582e-01    31.9459    24.7698     35.799    153.936     8.7227          2 0.0000e+00
        789     36.500     8.7251  33.996110     1.7606     1.4238    90.6150 1.9566e-01    31.9466    24.7705     36.297    153.916     8.7214          3 0.0000e+00
        792     37.000     8.7248  33.997318     1.7593     1.4372    90.5650 1.7545e-01    31.9479    24.7716     36.794    153.606     8.7211          3 0.0000e+00
        795     37.500     8.7238  33.997057     1.7572     1.4542    90.4954 1.6043e-01    31.9483    24.7721     37.291    153.391     8.7200          3 0.0000e+00
        798     38.000     8.7245  33.998333     1.7565     1.4313    90.5255 1.3907e-01    31.9488    24.7724     37.788    153.380     8.7206          3 0.0000e+00
        800     38.500     8.7253  34.000267     1.7551     1.4724    90.4693 1.2351e-01    31.9499    24.7730     38.285    153.304     8.7214          2 0.0000e+00
        803     39.000     8.7259  34.002477     1.7553     1.4344    90.4730 1.0977e-01    31.9514    24.7742     38.782    153.406     8.7220          3 0.0000e+00
        806     39.500     8.7249  34.005095     1.7544     1.4422    90.5495 9.3126e-02    31.9548    24.7770     39.279    153.362     8.7209          3 0.0000e+00
        809     40.000     8.7242  34.006672     1.7545     1.4293    90.4658 8.4700e-02    31.9568    24.7787     39.777    153.400     8.7202          3 0.0000e+00
        812     40.500     8.7217  34.002915     1.7545     1.4362    90.2618 7.4422e-02    31.9550    24.7777     40.274    153.233     8.7176          3 0.0000e+00
        815     41.000     8.7137  33.998390     1.7526     1.4478    90.1979 6.1839e-02    31.9572    24.7806     40.770    152.952     8.7096          2 0.0000e+00
        817     41.500     8.7085  33.992529     1.7520     1.4805    90.1434 5.1221e-02    31.9556    24.7802     41.268    152.904     8.7043          3 0.0000e+00
        819     42.000     8.7020  33.990373     1.7509     1.4345    90.0713 3.8614e-02    31.9590    24.7838     41.765    152.780     8.6978          2 0.0000e+00
        822     42.500     8.7071  34.002617     1.7492     1.4189    90.1060 3.0294e-02    31.9669    24.7892     42.262    152.477     8.7028          3 0.0000e+00
        825     43.000     8.7213  34.021432     1.7476     1.4247    90.1236 2.0407e-02    31.9736    24.7923     42.759    152.211     8.7170          3 0.0000e+00
        828     43.500     8.7240  34.026965     1.7456     1.4139    90.1743 1.5522e-02    31.9767    24.7943     43.256    151.874     8.7196          3 0.0000e+00
        831     44.000     8.7261  34.030925     1.7431     1.4183    90.1383 9.0223e-03    31.9787    24.7956     43.753    151.601     8.7216          3 0.0000e+00
        833     44.500     8.7260  34.032708     1.7417     1.3968    90.2239 2.8176e-03    31.9804    24.7970     44.251    151.504     8.7215          2 0.0000e+00
        836     45.000     8.7233  34.034195     1.7392     1.4083    90.2599 -1.749e-04    31.9842    24.8003     44.748    151.352     8.7188          3 0.0000e+00
        839     45.500     8.7172  34.036021     1.7386     1.4348    90.2664 1.0000e-12    31.9914    24.8069     45.245    151.645     8.7126          3 0.0000e+00
        842     46.000     8.7116  34.035817     1.7398     1.4563    90.1987 1.0000e-12    31.9960    24.8114     45.742    152.137     8.7069          2 0.0000e+00
        844     46.500     8.6884  34.021957     1.7415     1.4589    90.1040 1.0000e-12    32.0022    24.8198     46.239    152.338     8.6837          3 0.0000e+00
        847     47.000     8.6655  34.007854     1.7423     1.4473    89.9006 1.0000e-12    32.0081    24.8278     46.736    152.149     8.6608          2 0.0000e+00
        849     47.500     8.6562  33.996316     1.7405     1.4475    89.8295 1.0000e-12    32.0041    24.8261     47.234    151.343     8.6514          3 0.0000e+00
        852     48.000     8.6142  33.953518     1.7357     1.4789    89.8960 1.0000e-12    31.9973    24.8271     47.731    150.434     8.6094          3 0.0000e+00
        855     48.500     8.5990  33.954100     1.7300     1.4945    89.8906 1.0000e-12    32.0113    24.8404     48.228    149.589     8.5941          3 0.0000e+00
