data/CTD-bamfield-project/Raw/bam221010.cnv
* Sea-Bird SBE25 Data File:
* FileName = C:\Users\Winkler\Documents\CTD data\Bamfield 2022\hex\bam221010.hex
* Software Version 1.59
* Temperature SN = 4194
* Conductivity SN = 2155
* System UpLoad Time = Feb 25 2022 14:15:47
* ds
* SBE 25 CTD  V 4.1b SN 0363   02/25/22  15:00:28.742
# nquan = 15
# nvalues = 170                         
# units = specified
# name 0 = scan: Scan Count
# name 1 = prSM: Pressure, Strain Gauge [db]
# name 2 = t090C: Temperature [ITS-90, deg C]
# name 3 = c0mS/cm: Conductivity [mS/cm]
# name 4 = sbeox0V: Oxygen raw, SBE 43 [V]
# name 5 = wetStar: Fluorescence, WET Labs WETstar [mg/m^3]
# name 6 = xmiss: Beam Transmission, Chelsea/Seatech [%]
# name 7 = par: PAR/Irradiance, Biospherical/Licor
# name 8 = sal00: Salinity, Practical [PSU]
# name 9 = sigma-é00: Density [sigma-theta, kg/m^3]
# name 10 = depSM: Depth [salt water, m], lat = 0
# name 11 = sbox0Mm/Kg: Oxygen, SBE 43 [umol/kg], WS = 2
# name 12 = potemp090C: Potential Temperature [ITS-90, deg C]
# name 13 = nbin: number of scans per bin
# name 14 = flag: flag
# span 0 =        538,       2092       
# span 1 =      1.000,     85.500       
# span 2 =     7.6229,     8.7271       
# span 3 =  30.755989,  34.206619       
# span 4 =     1.6774,     2.9976       
# span 5 =     1.1003,    43.1736       
# span 6 =    67.5130,    93.2136       
# span 7 = -3.569e-05, 7.1828e+01       
# span 8 =    29.5197,    32.6055       
# span 9 =    23.0243,    25.3625       
# span 10 =      0.995,     85.012      
# span 11 =    146.012,    315.513      
# span 12 =     7.6228,     8.7227      
# span 13 =          3,        144      
# span 14 = 0.0000e+00, 0.0000e+00      
# interval = decibars: 0.5              
# start_time = Feb 25 2022 10:09:50 [Instrument's time stamp, header]
# bad_flag = -9.990e-29
*END*
        538      1.000     7.6229  30.755989     2.9976    26.1866    67.6687 7.1828e+01    29.5197    23.0243      0.995    315.513     7.6228        144 0.0000e+00
        654      1.500     7.6300  30.767231     2.9830    39.4847    67.5770 4.9440e+01    29.5253    23.0278      1.492    312.813     7.6299          8 0.0000e+00
        656      2.000     7.6363  30.772507     2.9790    43.1736    67.6075 3.8261e+01    29.5254    23.0270      1.989    312.843     7.6361          7 0.0000e+00
        662      2.500     7.6363  30.773181     2.9808    42.8249    67.5130 3.0143e+01    29.5259    23.0274      2.486    313.362     7.6361          6 0.0000e+00
        668      3.000     7.6331  30.768827     2.9817    38.8301    67.7475 2.2685e+01    29.5238    23.0262      2.983    312.980     7.6328          5 0.0000e+00
        673      3.500     7.6290  30.765636     2.9760    37.8106    67.6732 2.1502e+01    29.5237    23.0266      3.481    310.932     7.6287          5 0.0000e+00
        678      4.000     7.6355  30.776450     2.9569    38.6311    67.7161 1.8666e+01    29.5295    23.0303      3.978    305.765     7.6351          5 0.0000e+00
        684      4.500     7.6734  30.828759     2.9036    35.8809    68.1727 1.8173e+01    29.5525    23.0434      4.475    292.059     7.6730          6 0.0000e+00
        688      5.000     7.7873  30.992018     2.8101    29.2541    68.1014 1.5477e+01    29.6283    23.0875      4.973    274.242     7.7869          4 0.0000e+00
        694      5.500     7.9877  31.314038     2.6915    21.5094    68.1446 1.3758e+01    29.7970    23.1923      5.470    259.817     7.9872          6 0.0000e+00
        698      6.000     8.3540  31.999295     2.6119    18.5989    70.4573 1.1756e+01    30.2025    23.4588      5.967    251.138     8.3534          4 0.0000e+00
        702      6.500     8.4111  32.165121     2.5602    17.5009    77.8980 9.7828e+00    30.3264    23.5476      6.464    245.709     8.4105          4 0.0000e+00
        707      7.000     8.4312  32.266277     2.5087    17.9778    81.4170 8.5145e+00    30.4145    23.6137      6.961    239.376     8.4305          5 0.0000e+00
        711      7.500     8.4360  32.356352     2.4561    18.6948    81.9557 7.4412e+00    30.5041    23.6833      7.459    232.101     8.4353          4 0.0000e+00
        716      8.000     8.4481  32.487674     2.3959    15.4258    82.3444 6.4121e+00    30.6305    23.7805      7.956    223.520     8.4473          4 0.0000e+00
        720      8.500     8.4944  32.613038     2.3346    10.0909    81.9698 5.5769e+00    30.7209    23.8446      8.453    215.945     8.4936          4 0.0000e+00
        724      9.000     8.5696  32.835564     2.2817     7.9307    83.2282 4.8269e+00    30.8870    23.9636      8.950    211.425     8.5687          5 0.0000e+00
        728      9.500     8.6039  32.914978     2.2483     6.4951    84.2711 4.1618e+00    30.9396    23.9997      9.448    209.112     8.6030          3 0.0000e+00
        732     10.000     8.5920  32.957773     2.2246     6.1808    87.1874 3.5833e+00    30.9944    24.0444      9.945    208.106     8.5910          5 0.0000e+00
        736     10.500     8.4609  32.887037     2.2114     5.7945    89.1394 3.3072e+00    31.0356    24.0959     10.442    209.104     8.4599          3 0.0000e+00
        739     11.000     8.3435  32.842201     2.2082     5.2917    90.7495 3.0190e+00    31.0919    24.1571     10.939    210.118     8.3424          4 0.0000e+00
        743     11.500     8.2674  32.822639     2.2075     5.2765    90.9668 2.7474e+00    31.1384    24.2046     11.437    210.830     8.2663          3 0.0000e+00
        747     12.000     8.2426  32.810248     2.2089     5.1800    91.0811 2.4763e+00    31.1471    24.2150     11.934    211.428     8.2415          4 0.0000e+00
        750     12.500     8.2205  32.807935     2.2111     5.5016    91.4050 2.2745e+00    31.1641    24.2316     12.431    211.988     8.2193          4 0.0000e+00
        754     13.000     8.1926  32.788436     2.2147     5.1178    91.3619 2.0660e+00    31.1681    24.2387     12.928    212.701     8.1913          3 0.0000e+00
        757     13.500     8.1292  32.740691     2.2179     5.0886    91.3751 1.8423e+00    31.1739    24.2522     13.425    213.430     8.1279          4 0.0000e+00
        761     14.000     8.0824  32.709910     2.2215     4.7638    91.3496 1.6767e+00    31.1828    24.2659     13.923    214.138     8.0811          3 0.0000e+00
        765     14.500     8.0366  32.699811     2.2250     4.5337    91.3344 1.5082e+00    31.2127    24.2959     14.420    214.312     8.0352          4 0.0000e+00
        768     15.000     7.9782  32.680169     2.2242     4.3454    91.2534 1.3865e+00    31.2438    24.3286     14.917    213.840     7.9768          3 0.0000e+00
        771     15.500     7.9729  32.688766     2.2215     4.2731    91.1790 1.2644e+00    31.2574    24.3400     15.414    213.130     7.9714          4 0.0000e+00
        775     16.000     7.9759  32.707814     2.2166     4.1347    91.2675 1.1756e+00    31.2746    24.3530     15.911    212.434     7.9744          3 0.0000e+00
        778     16.500     7.9824  32.727968     2.2133     4.2396    91.1998 1.0836e+00    31.2900    24.3642     16.409    211.955     7.9809          3 0.0000e+00
        782     17.000     7.9852  32.740550     2.2078     4.0867    91.1319 9.7402e-01    31.3005    24.3721     16.906    210.867     7.9836          5 0.0000e+00
        787     17.500     7.9855  32.744984     2.1986     3.6343    91.2384 8.7969e-01    31.3047    24.3754     17.403    209.452     7.9839          4 0.0000e+00
        791     18.000     7.9859  32.777285     2.1888     3.6389    91.2630 7.9059e-01    31.3384    24.4017     17.900    208.095     7.9842          4 0.0000e+00
        794     18.500     7.9928  32.805223     2.1816     3.6765    91.2161 7.1241e-01    31.3616    24.4190     18.398    207.432     7.9911          4 0.0000e+00
        798     19.000     7.9914  32.816766     2.1757     3.3142    91.4685 6.4521e-01    31.3749    24.4296     18.895    206.969     7.9896          3 0.0000e+00
        801     19.500     7.9923  32.824734     2.1710     3.1476    91.5733 5.9546e-01    31.3822    24.4353     19.392    206.552     7.9905          3 0.0000e+00
        804     20.000     7.9925  32.842251     2.1667     3.3292    91.6031 5.5637e-01    31.4004    24.4495     19.889    205.989     7.9906          4 0.0000e+00
        808     20.500     7.9937  32.844715     2.1617     3.2294    91.6617 5.1186e-01    31.4018    24.4503     20.386    205.145     7.9918          3 0.0000e+00
        811     21.000     7.9950  32.849351     2.1551     3.0318    91.7147 4.6878e-01    31.4053    24.4529     20.884    204.046     7.9930          4 0.0000e+00
        815     21.500     7.9980  32.863732     2.1473     2.9878    91.7093 4.2630e-01    31.4176    24.4622     21.381    202.989     7.9960          3 0.0000e+00
        818     22.000     7.9991  32.875259     2.1393     3.1588    91.7906 3.9116e-01    31.4286    24.4707     21.878    202.048     7.9970          4 0.0000e+00
        823     22.500     7.9995  32.881845     2.1314     3.1306    91.7986 3.5328e-01    31.4350    24.4756     22.375    201.472     7.9974          4 0.0000e+00
        827     23.000     7.9735  32.872789     2.1259     2.9730    91.7929 3.1282e-01    31.4485    24.4899     22.872    201.270     7.9713          5 0.0000e+00
        831     23.500     7.9786  32.894606     2.1222     2.7477    91.4763 2.7955e-01    31.4669    24.5036     23.369    200.733     7.9764          3 0.0000e+00
        834     24.000     8.0024  32.933293     2.1175     2.8402    91.7031 2.4706e-01    31.4862    24.5154     23.867    200.082     8.0001          4 0.0000e+00
        838     24.500     8.0249  32.966723     2.1139     2.9743    91.7700 2.1907e-01    31.5011    24.5239     24.364    199.617     8.0226          4 0.0000e+00
        842     25.000     8.0308  32.978671     2.1105     2.9508    91.8273 2.0377e-01    31.5083    24.5287     24.861    199.131     8.0284          3 0.0000e+00
        846     25.500     8.0425  32.996046     2.1063     2.7209    91.9737 1.8116e-01    31.5159    24.5330     25.358    198.608     8.0401          5 0.0000e+00
        851     26.000     8.0499  33.006267     2.1020     2.7297    91.9591 1.7425e-01    31.5198    24.5351     25.856    198.164     8.0474          4 0.0000e+00
        855     26.500     8.0582  33.016183     2.0993     2.6791    92.0389 1.5339e-01    31.5226    24.5361     26.353    197.874     8.0557          4 0.0000e+00
        859     27.000     8.0518  33.011472     2.0969     2.9858    92.0294 1.3970e-01    31.5232    24.5375     26.850    197.753     8.0492          5 0.0000e+00
        864     27.500     8.0343  32.999898     2.0948     2.7015    92.0142 1.2482e-01    31.5265    24.5425     27.347    197.563     8.0317          5 0.0000e+00
        869     28.000     8.0260  32.994871     2.0905     2.6884    92.0134 1.0460e-01    31.5284    24.5453     27.844    196.520     8.0233          5 0.0000e+00
        873     28.500     8.0178  33.002957     2.0830     2.5512    91.9940 9.2125e-02    31.5441    24.5587     28.341    195.247     8.0151          4 0.0000e+00
        878     29.000     8.0442  33.055099     2.0744     2.4581    91.9604 7.3779e-02    31.5753    24.5794     28.839    194.057     8.0415          5 0.0000e+00
        882     29.500     8.0727  33.113601     2.0673     2.5062    92.0560 6.5855e-02    31.6113    24.6036     29.336    193.256     8.0699          3 0.0000e+00
        886     30.000     8.0791  33.126492     2.0627     2.5424    92.0673 5.1679e-02    31.6190    24.6087     29.833    192.849     8.0762          4 0.0000e+00
        889     30.500     8.0794  33.133075     2.0583     2.5730    92.0671 4.0822e-02    31.6255    24.6138     30.330    192.361     8.0765          4 0.0000e+00
        893     31.000     8.0812  33.140404     2.0540     2.4764    92.0983 3.0290e-02    31.6314    24.6182     30.827    192.031     8.0782          4 0.0000e+00
        897     31.500     8.0828  33.145241     2.0512     2.2779    92.0759 1.8959e-02    31.6348    24.6206     31.325    191.773     8.0798          3 0.0000e+00
        901     32.000     8.0835  33.148142     2.0483     2.2946    92.0665 1.9053e-02    31.6370    24.6222     31.822    191.471     8.0805          4 0.0000e+00
        905     32.500     8.0850  33.152643     2.0456     2.3610    92.1306 1.0640e-02    31.6402    24.6245     32.319    191.015     8.0819          4 0.0000e+00
        909     33.000     8.0869  33.157514     2.0410     2.2724    92.2059 3.1777e-03    31.6434    24.6268     32.816    190.296     8.0837          5 0.0000e+00
        913     33.500     8.0899  33.166032     2.0367     2.3796    92.1227 8.2175e-04    31.6495    24.6311     33.313    189.648     8.0867          3 0.0000e+00
        917     34.000     8.0919  33.186061     2.0315     2.1876    92.2108 -3.569e-05    31.6686    24.6459     33.810    189.142     8.0887          5 0.0000e+00
        921     34.500     8.0971  33.220362     2.0274     1.9780    92.2271 1.0000e-12    31.7000    24.6698     34.308    188.372     8.0938          4 0.0000e+00
        925     35.000     8.1422  33.281929     2.0219     1.8329    92.2451 1.0000e-12    31.7240    24.6821     34.805    187.385     8.1388          3 0.0000e+00
        928     35.500     8.2210  33.381634     2.0174     1.7603    92.2856 1.0000e-12    31.7579    24.6972     35.302    186.619     8.2175          4 0.0000e+00
        932     36.000     8.3136  33.507924     2.0130     1.5249    92.2292 1.0000e-12    31.8070    24.7223     35.799    185.794     8.3101          3 0.0000e+00
        935     36.500     8.5521  33.776724     2.0103     1.4851    92.5538 1.0000e-12    31.8736    24.7393     36.296    184.459     8.5484          3 0.0000e+00
        939     37.000     8.6852  33.921265     2.0076     1.4214    92.6186 1.0000e-12    31.9043    24.7434     36.793    183.501     8.6815          4 0.0000e+00
        942     37.500     8.7102  33.944107     2.0046     1.2925    92.7549 1.0000e-12    31.9054    24.7406     37.290    183.181     8.7064          3 0.0000e+00
        945     38.000     8.6776  33.926318     2.0032     1.2713    92.9720 1.0000e-12    31.9160    24.7537     37.788    183.256     8.6738          3 0.0000e+00
        948     38.500     8.6489  33.924142     2.0013     1.2316    93.0701 1.0000e-12    31.9394    24.7764     38.285    183.016     8.6450          4 0.0000e+00
        952     39.000     8.6355  33.925238     1.9980     1.2175    93.2136 1.0000e-12    31.9524    24.7886     38.782    182.504     8.6316          4 0.0000e+00
        956     39.500     8.6321  33.935800     1.9943     1.2047    93.1406 1.0000e-12    31.9664    24.8000     39.279    182.031     8.6281          4 0.0000e+00
        960     40.000     8.6678  33.994853     1.9903     1.1970    93.1680 1.0000e-12    31.9955    24.8174     39.776    181.439     8.6638          3 0.0000e+00
        963     40.500     8.6691  34.000310     1.9883     1.1779    93.0596 1.0000e-12    31.9997    24.8206     40.274    181.471     8.6650          3 0.0000e+00
        966     41.000     8.5980  33.955535     1.9872     1.1797    93.1406 1.0000e-12    32.0171    24.8449     40.771    181.683     8.5939          3 0.0000e+00
        969     41.500     8.6074  33.973613     1.9860     1.2036    93.0107 1.0000e-12    32.0273    24.8515     41.268    181.517     8.6032          3 0.0000e+00
        972     42.000     8.6063  33.978882     1.9848     1.1835    92.9169 1.0000e-12    32.0336    24.8566     41.765    181.364     8.6021          3 0.0000e+00
        976     42.500     8.6380  34.029157     1.9837     1.1181    92.7853 1.0000e-12    32.0572    24.8703     42.262    181.119     8.6337          4 0.0000e+00
        978     43.000     8.7105  34.109649     1.9829     1.1172    92.5768 1.0000e-12    32.0754    24.8736     42.760    180.603     8.7061          3 0.0000e+00
        982     43.500     8.7271  34.128580     1.9807     1.1121    92.3495 1.0000e-12    32.0799    24.8746     43.256    180.042     8.7227          3 0.0000e+00
        985     44.000     8.7250  34.131258     1.9779     1.1113    91.8336 1.0000e-12    32.0844    24.8785     43.753    179.564     8.7205          3 0.0000e+00
        988     44.500     8.7222  34.133714     1.9744     1.1003    91.4425 1.0000e-12    32.0892    24.8827     44.251    179.132     8.7177          3 0.0000e+00
        991     45.000     8.7210  34.135111     1.9704     1.1013    91.4159 1.0000e-12    32.0915    24.8848     44.748    178.476     8.7164          4 0.0000e+00
        995     45.500     8.7129  34.128303     1.9654     1.1104    91.1297 1.0000e-12    32.0915    24.8859     45.245    177.721     8.7083          3 0.0000e+00
        998     46.000     8.6706  34.089806     1.9593     1.1487    91.0754 1.0000e-12    32.0895    24.8908     45.742    177.069     8.6660          4 0.0000e+00
       1002     46.500     8.6134  34.039020     1.9523     1.1399    91.0462 1.0000e-12    32.0880    24.8982     46.239    176.306     8.6087          3 0.0000e+00
       1006     47.000     8.5574  33.997548     1.9445     1.1616    91.0049 1.0000e-12    32.0953    24.9123     46.736    175.586     8.5527          4 0.0000e+00
       1009     47.500     8.5408  33.986637     1.9383     1.1680    91.1479 1.0000e-12    32.0987    24.9175     47.234    174.965     8.5361          3 0.0000e+00
       1012     48.000     8.5179  33.965450     1.9320     1.1851    91.2770 1.0000e-12    32.0971    24.9196     47.731    174.510     8.5131          3 0.0000e+00
       1015     48.500     8.4878  33.940723     1.9280     1.3476    91.3141 1.0000e-12    32.0983    24.9251     48.228    174.409     8.4830          3 0.0000e+00
