data/CTD-bamfield-project/Raw/bam221011.cnv
* Sea-Bird SBE25 Data File:
* FileName = C:\Users\Winkler\Documents\CTD data\Bamfield 2022\hex\bam221011.hex
* Software Version 1.59
* Temperature SN = 4194
* Conductivity SN = 2155
* System UpLoad Time = Feb 25 2022 14:18:12
* ds
* SBE 25 CTD  V 4.1b SN 0363   02/25/22  15:02:52.508
# nquan = 15
# nvalues = 111                         
# units = specified
# name 0 = scan: Scan Count
# name 1 = prSM: Pressure, Strain Gauge [db]
# name 2 = t090C: Temperature [ITS-90, deg C]
# name 3 = c0mS/cm: Conductivity [mS/cm]
# name 4 = sbeox0V: Oxygen raw, SBE 43 [V]
# name 5 = wetStar: Fluorescence, WET Labs WETstar [mg/m^3]
# name 6 = xmiss: Beam Transmission, Chelsea/Seatech [%]
# name 7 = par: PAR/Irradiance, Biospherical/Licor
# name 8 = sal00: Salinity, Practical [PSU]
# name 9 = sigma-é00: Density [sigma-theta, kg/m^3]
# name 10 = depSM: Depth [salt water, m], lat = 0
# name 11 = sbox0Mm/Kg: Oxygen, SBE 43 [umol/kg], WS = 2
# name 12 = potemp090C: Potential Temperature [ITS-90, deg C]
# name 13 = nbin: number of scans per bin
# name 14 = flag: flag
# span 0 =        556,       1317       
# span 1 =      1.000,     56.000       
# span 2 =     7.7474,     8.9168       
# span 3 =  31.305141,  34.335605       
# span 4 =     1.6256,     2.3864       
# span 5 =     1.2794,    10.2073       
# span 6 =    86.5187,    91.5050       
# span 7 = -1.036e-06, 3.4431e+02       
# span 8 =    29.8381,    32.1613       
# span 9 =    23.2323,    24.9170       
# span 10 =      0.994,     55.684      
# span 11 =    137.479,    236.020      
# span 12 =     7.7465,     8.9133      
# span 13 =          2,        175      
# span 14 = 0.0000e+00, 0.0000e+00      
# interval = decibars: 0.5              
# start_time = Feb 25 2022 10:54:19 [Instrument's time stamp, header]
# bad_flag = -9.990e-29
*END*
[from data line 97]
        951     49.500     8.7717  34.173980     1.6665     1.4065    89.4245 1.0000e-12    32.0841    24.8713     49.222    141.702     8.7667          5 0.0000e+00
        956     50.000     8.8095  34.228010     1.6593     1.3669    89.0830 1.0000e-12    32.1059    24.8827     49.719    140.849     8.8044          4 0.0000e+00
        961     50.500     8.8367  34.258783     1.6544     1.3515    88.3392 1.0000e-12    32.1132    24.8842     50.216    140.479     8.8315          5 0.0000e+00
        966     51.000     8.8364  34.261291     1.6513     1.3517    87.9942 1.0000e-12    32.1158    24.8863     50.714    140.240     8.8312          5 0.0000e+00
        978     51.500     8.8367  34.265899     1.6471     1.3470    87.9193 1.0000e-12    32.1201    24.8896     51.211    139.934     8.8314         26 0.0000e+00
       1122     52.000     8.8356  34.266996     1.6421     1.3400    87.7201 1.0000e-12    32.1220    24.8913     51.708    139.633     8.8303        175 0.0000e+00
       1179     52.500     8.8396  34.274326     1.6417     1.3391    87.7654 1.0000e-12    32.1258    24.8936     52.205    139.497     8.8342         12 0.0000e+00
       1186     53.000     8.8552  34.295783     1.6412     1.3240    87.6265 1.0000e-12    32.1338    24.8975     52.702    139.387     8.8498         11 0.0000e+00
       1198     53.500     8.8536  34.295081     1.6407     1.3261    87.6311 1.0000e-12    32.1342    24.8981     53.199    139.231     8.8481          9 0.0000e+00
       1207     54.000     8.8553  34.301670     1.6370     1.3192    87.5567 1.0000e-12    32.1393    24.9018     53.696    138.574     8.8498         10 0.0000e+00
       1216     54.500     8.8636  34.321966     1.6327     1.3022    87.5393 1.0000e-12    32.1527    24.9111     54.193    138.066     8.8580          8 0.0000e+00
       1224     55.000     8.8665  34.331984     1.6290     1.3129    87.5683 1.0000e-12    32.1603    24.9166     54.691    137.703     8.8608          9 0.0000e+00
       1237     55.500     8.8693  34.335605     1.6271     1.2794    87.6587 1.0000e-12    32.1613    24.9170     55.188    137.620     8.8636         22 0.0000e+00
       1317     56.000     8.8614  34.323430     1.6256     1.2814    88.0832 1.0000e-12    32.1556    24.9136     55.684    137.479     8.8557          2 0.0000e+00
