data/CTD-bamfield-project/Raw/bam221010.cnv
* Sea-Bird SBE25 Data File:
* FileName = C:\Users\Winkler\Documents\CTD data\Bamfield 2022\hex\bam221010.hex
* Software Version 1.59
* Temperature SN = 4194
* Conductivity SN = 2155
* System UpLoad Time = Feb 25 2022 14:15:47
* ds
* SBE 25 CTD  V 4.1b SN 0363   02/25/22  15:00:28.742
# nquan = 15
# nvalues = 170                         
# units = specified
# name 0 = scan: Scan Count
# name 1 = prSM: Pressure, Strain Gauge [db]
# name 2 = t090C: Temperature [ITS-90, deg C]
# name 3 = c0mS/cm: Conductivity [mS/cm]
# name 4 = sbeox0V: Oxygen raw, SBE 43 [V]
# name 5 = wetStar: Fluorescence, WET Labs WETstar [mg/m^3]
# name 6 = xmiss: Beam Transmission, Chelsea/Seatech [%]
# name 7 = par: PAR/Irradiance, Biospherical/Licor
# name 8 = sal00: Salinity, Practical [PSU]
# name 9 = sigma-é00: Density [sigma-theta, kg/m^3]
# name 10 = depSM: Depth [salt water, m], lat = 0
# name 11 = sbox0Mm/Kg: Oxygen, SBE 43 [umol/kg], WS = 2
# name 12 = potemp090C: Potential Temperature [ITS-90, deg C]
# name 13 = nbin: number of scans per bin
# name 14 = flag: flag
# span 0 =        538,       2092       
# span 1 =      1.000,     85.500       
# span 2 =     7.6229,     8.7271       
# span 3 =  30.755989,  34.206619       
# span 4 =     1.6774,     2.9976       
# span 5 =     1.1003,    43.1736       
# span 6 =    67.5130,    93.2136       
# span 7 = -3.569e-05, 7.1828e+01       
# span 8 =    29.5197,    32.6055       
# span 9 =    23.0243,    25.3625       
# span 10 =      0.995,     85.012      
# span 11 =    146.012,    315.513      
# span 12 =     7.6228,     8.7227      
# span 13 =          3,        144      
# span 14 = 0.0000e+00, 0.0000e+00      
# interval = decibars: 0.5              
# start_time = Feb 25 2022 10:09:50 [Instrument's time stamp, header]
# bad_flag = -9.990e-29
*END*
[from data line 97]
       1022     49.500     8.4286  33.900325     1.9203     1.2706    91.3850 1.0000e-12    32.1093    24.9425     49.222    174.002     8.4237          3 0.0000e+00
       1026     50.000     8.4348  33.912067     1.9173     1.1957    91.4240 1.0000e-12    32.1158    24.9467     49.719    173.680     8.4298          4 0.0000e+00
       1029     50.500     8.4364  33.912697     1.9142     1.2639    91.6339 1.0000e-12    32.1148    24.9457     50.216    173.264     8.4314          3 0.0000e+00
       1032     51.000     8.4317  33.909275     1.9117     1.1962    91.5297 1.0000e-12    32.1152    24.9467     50.714    172.906     8.4266          3 0.0000e+00
       1036     51.500     8.4310  33.910440     1.9078     1.2308    91.5504 1.0000e-12    32.1169    24.9481     51.211    172.452     8.4259          4 0.0000e+00
       1039     52.000     8.4110  33.896018     1.9052     1.2582    91.5477 1.0000e-12    32.1197    24.9533     51.708    172.258     8.4059          3 0.0000e+00
       1042     52.500     8.4055  33.898107     1.9018     1.2307    91.5024 1.0000e-12    32.1267    24.9596     52.205    171.951     8.4003          3 0.0000e+00
       1046     53.000     8.4031  33.905099     1.8993     1.2388    91.4437 1.0000e-12    32.1361    24.9673     52.702    171.933     8.3978          4 0.0000e+00
       1050     53.500     8.3826  33.890627     1.8986     1.2203    91.5610 1.0000e-12    32.1392    24.9728     53.199    172.186     8.3773          4 0.0000e+00
       1054     54.000     8.3784  33.891612     1.8989     1.2124    91.5566 1.0000e-12    32.1439    24.9771     53.696    172.452     8.3731          4 0.0000e+00
       1057     54.500     8.3877  33.908094     1.8995     1.1834    91.6088 1.0000e-12    32.1525    24.9825     54.194    172.162     8.3823          4 0.0000e+00
       1061     55.000     8.4410  33.973755     1.8975     1.1852    91.5934 1.0000e-12    32.1727    24.9904     54.691    171.392     8.4356          3 0.0000e+00
       1064     55.500     8.4980  34.030891     1.8950     1.1785    91.4407 1.0000e-12    32.1805    24.9880     55.188    170.822     8.4925          4 0.0000e+00
       1068     56.000     8.4753  34.015389     1.8921     1.2020    91.3672 1.0000e-12    32.1847    24.9948     55.685    170.634     8.4697          4 0.0000e+00
       1072     56.500     8.4430  33.991941     1.8902     1.2281    91.1275 1.0000e-12    32.1893    25.0032     56.182    170.781     8.4374          3 0.0000e+00
       1075     57.000     8.4253  33.985589     1.8900     1.2335    90.8964 1.0000e-12    32.1986    25.0131     56.679    171.135     8.4196          4 0.0000e+00
       1079     57.500     8.4379  34.003678     1.8917     1.1904    90.8900 1.0000e-12    32.2059    25.0169     57.176    171.448     8.4322          4 0.0000e+00
       1083     58.000     8.4461  34.020515     1.8927     1.2220    90.9038 1.0000e-12    32.2158    25.0235     57.673    171.361     8.4403          4 0.0000e+00
       1087     58.500     8.5021  34.092925     1.8925     1.1347    90.8359 1.0000e-12    32.2405    25.0345     58.170    170.788     8.4963          3 0.0000e+00
       1090     59.000     8.5762  34.165819     1.8904     1.1149    90.5762 1.0000e-12    32.2490    25.0301     58.668    169.835     8.5703          4 0.0000e+00
       1094     59.500     8.5744  34.165860     1.8856     1.1058    90.3914 1.0000e-12    32.2505    25.0316     59.165    168.968     8.5684          4 0.0000e+00
       1098     60.000     8.5414  34.141543     1.8805     1.1694    90.0642 1.0000e-12    32.2549    25.0399     59.662    168.335     8.5354          3 0.0000e+00
       1101     60.500     8.5498  34.159356     1.8748     1.1231    89.4657 1.0000e-12    32.2657    25.0471     60.159    167.513     8.5438          4 0.0000e+00
       1106     61.000     8.5244  34.133164     1.8677     1.1615    89.4912 1.0000e-12    32.2612    25.0474     60.656    166.762     8.5183          5 0.0000e+00
       1110     61.500     8.4589  34.078121     1.8599     1.1888    89.3402 1.0000e-12    32.2631    25.0587     61.153    165.914     8.4528          4 0.0000e+00
       1115     62.000     8.4146  34.048003     1.8510     1.2133    89.3193 1.0000e-12    32.2717    25.0720     61.650    165.043     8.4085          4 0.0000e+00
       1119     62.500     8.4052  34.048250     1.8444     1.2908    89.3880 1.0000e-12    32.2804    25.0803     62.147    164.551     8.3990          4 0.0000e+00
       1123     63.000     8.3930  34.048443     1.8392     1.2240    89.4758 1.0000e-12    32.2915    25.0908     62.644    164.214     8.3868          4 0.0000e+00
       1127     63.500     8.3514  34.018647     1.8352     1.2433    89.5660 1.0000e-12    32.2981    25.1021     63.142    164.011     8.3451          4 0.0000e+00
       1131     64.000     8.3051  33.981819     1.8317     1.2597    89.5478 1.0000e-12    32.3016    25.1116     63.638    163.837     8.2988          4 0.0000e+00
       1134     64.500     8.2906  33.975220     1.8289     1.2367    89.9451 1.0000e-12    32.3077    25.1185     64.136    163.499     8.2843          3 0.0000e+00
       1137     65.000     8.3007  33.988614     1.8254     1.2429    90.6498 1.0000e-12    32.3122    25.1207     64.633    162.992     8.2943          3 0.0000e+00
       1141     65.500     8.3098  34.006529     1.8222     1.2596    91.3191 1.0000e-12    32.3227    25.1275     65.130    162.519     8.3033          4 0.0000e+00
       1145     66.000     8.3232  34.034470     1.8176     1.2595    91.4226 1.0000e-12    32.3396    25.1388     65.627    161.989     8.3167          4 0.0000e+00
       1149     66.500     8.3268  34.045142     1.8147     1.2364    91.5236 1.0000e-12    32.3473    25.1444     66.124    161.826     8.3202          4 0.0000e+00
       1153     67.000     8.3280  34.052540     1.8121     1.2559    91.4114 1.0000e-12    32.3537    25.1492     66.621    161.487     8.3214          4 0.0000e+00
       1157     67.500     8.3280  34.054533     1.8093     1.2420    91.2904 1.0000e-12    32.3556    25.1507     67.118    161.142     8.3213          4 0.0000e+00
       1161     68.000     8.3282  34.058659     1.8062     1.2557    91.0921 1.0000e-12    32.3595    25.1537     67.615    160.545     8.3215          4 0.0000e+00
       1165     68.500     8.3303  34.065981     1.8011     1.2599    91.0051 1.0000e-12    32.3651    25.1578     68.113    159.860     8.3236          4 0.0000e+00
       1169     69.000     8.3284  34.071853     1.7970     1.3363    90.9370 1.0000e-12    32.3728    25.1641     68.609    159.374     8.3216          4 0.0000e+00
       1173     69.500     8.3246  34.075281     1.7923     1.3517    90.7668 1.0000e-12    32.3797    25.1701     69.107    158.748     8.3177          5 0.0000e+00
       1178     70.000     8.3234  34.077467     1.7863     1.2646    90.6588 1.0000e-12    32.3829    25.1728     69.604    157.852     8.3165          4 0.0000e+00
       1182     70.500     8.3225  34.080810     1.7802     1.2724    90.2149 1.0000e-12    32.3870    25.1762     70.101    157.112     8.3155          4 0.0000e+00
       1185     71.000     8.3202  34.083394     1.7755     1.2643    89.7173 1.0000e-12    32.3916    25.1802     70.598    156.857     8.3132          4 0.0000e+00
       1189     71.500     8.3241  34.096475     1.7724     1.2253    89.5310 1.0000e-12    32.4017    25.1874     71.095    156.678     8.3170          4 0.0000e+00
       1193     72.000     8.3251  34.103620     1.7699     1.2196    89.2071 1.0000e-12    32.4080    25.1922     71.592    156.497     8.3180          3 0.0000e+00
       1197     72.500     8.3186  34.101360     1.7681     1.2077    88.6995 1.0000e-12    32.4114    25.1959     72.089    156.423     8.3114          4 0.0000e+00
       1200     73.000     8.3155  34.100343     1.7670     1.1998    88.3920 1.0000e-12    32.4129    25.1976     72.586    156.368     8.3083          4 0.0000e+00
       1204     73.500     8.3117  34.099567     1.7658     1.2161    87.9347 1.0000e-12    32.4154    25.2001     73.083    156.336     8.3044          4 0.0000e+00
       1209     74.000     8.3056  34.099077     1.7657     1.2286    87.8970 1.0000e-12    32.4202    25.2048     73.580    156.443     8.2983          5 0.0000e+00
       1213     74.500     8.3048  34.099300     1.7654     1.2583    87.9990 1.0000e-12    32.4210    25.2055     74.077    156.438     8.2974          4 0.0000e+00
       1218     75.000     8.3036  34.099032     1.7652     1.2516    88.1624 1.0000e-12    32.4216    25.2061     74.574    156.376     8.2962          6 0.0000e+00
       1223     75.500     8.3018  34.099365     1.7645     1.2307    88.3177 1.0000e-12    32.4234    25.2078     75.072    156.284     8.2943          4 0.0000e+00
       1227     76.000     8.2986  34.102987     1.7642     1.2336    88.4880 1.0000e-12    32.4299    25.2135     75.568    156.296     8.2911          4 0.0000e+00
       1232     76.500     8.2980  34.107110     1.7636     1.2294    88.5416 1.0000e-12    32.4346    25.2172     76.066    156.068     8.2904          4 0.0000e+00
       1236     77.000     8.2987  34.116255     1.7621     1.2209    88.7116 1.0000e-12    32.4434    25.2240     76.563    155.801     8.2911          4 0.0000e+00
       1240     77.500     8.2990  34.124694     1.7603     1.2124    88.8308 1.0000e-12    32.4518    25.2305     77.060    155.524     8.2914          4 0.0000e+00
       1244     78.000     8.2993  34.132388     1.7581     1.2210    89.0446 1.0000e-12    32.4594    25.2365     77.557    155.187     8.2916          4 0.0000e+00
       1248     78.500     8.2984  34.140749     1.7552     1.2333    89.1732 1.0000e-12    32.4688    25.2440     78.054    154.768     8.2907          6 0.0000e+00
       1254     79.000     8.2966  34.144512     1.7504     1.2350    89.1212 1.0000e-12    32.4742    25.2485     78.551    154.155     8.2888          7 0.0000e+00
       1605     79.500     8.2888  34.154201     1.7286     1.2326    88.3215 1.0000e-12    32.4915    25.2632     79.048    152.155     8.2809         96 0.0000e+00
       1775     80.000     8.2862  34.162990     1.7228     1.2272    87.0850 1.0000e-12    32.5029    25.2725     79.545    151.311     8.2783        121 0.0000e+00
       1840     80.500     8.2850  34.166406     1.7203     1.2386    86.8598 1.0000e-12    32.5074    25.2762     80.042    150.784     8.2771          9 0.0000e+00
       1849     81.000     8.2833  34.171991     1.7169     1.2404    86.8143 1.0000e-12    32.5147    25.2822     80.539    150.451     8.2753          9 0.0000e+00
       1859     81.500     8.2794  34.180083     1.7140     1.2303    86.6478 1.0000e-12    32.5265    25.2921     81.036    150.106     8.2714         10 0.0000e+00
       1868     82.000     8.2699  34.184490     1.7120     1.2318    86.5485 1.0000e-12    32.5398    25.3039     81.533    149.911     8.2618          8 0.0000e+00
       1884     82.500     8.2534  34.182259     1.7074     1.2540    86.7195 1.0000e-12    32.5525    25.3163     82.030    149.308     8.2452         30 0.0000e+00
       1909     83.000     8.2320  34.192032     1.6927     1.2695    86.7271 1.0000e-12    32.5824    25.3429     82.528    147.266     8.2238         14 0.0000e+00
       1919     83.500     8.2223  34.196834     1.6858     1.2660    85.9650 1.0000e-12    32.5963    25.3552     83.025    146.642     8.2141          8 0.0000e+00
       1928     84.000     8.2215  34.201887     1.6813     1.2800    85.7459 1.0000e-12    32.6021    25.3599     83.522    146.086     8.2133          7 0.0000e+00
       1934     84.500     8.2220  34.205692     1.6791     1.2626    84.8498 1.0000e-12    32.6055    25.3625     84.019    146.101     8.2137          7 0.0000e+00
       1996     85.000     8.2235  34.206619     1.6774     1.2770    84.0187 1.0000e-12    32.6048    25.3618     84.516    146.012     8.2151         98 0.0000e+00
       2092     85.500     8.2248  34.206222     1.6776     1.2461    83.9513 1.0000e-12    32.6030    25.3602     85.012    146.064     8.2164          4 0.0000e+00
