data/CTD-bamfield-project/Raw/bam221011.cnv
* Sea-Bird SBE25 Data File:
* FileName = C:\Users\Winkler\Documents\CTD data\Bamfield 2022\hex\bam221011.hex
* Software Version 1.59
* Temperature SN = 4194
* Conductivity SN = 2155
* System UpLoad Time = Feb 25 2022 14:18:12
* ds
* SBE 25 CTD  V 4.1b SN 0363   02/25/22  15:02:52.508
# nquan = 15
# nvalues = 111                         
# units = specified
# name 0 = scan: Scan Count
# name 1 = prSM: Pressure, Strain Gauge [db]
# name 2 = t090C: Temperature [ITS-90, deg C]
# name 3 = c0mS/cm: Conductivity [mS/cm]
# name 4 = sbeox0V: Oxygen raw, SBE 43 [V]
# name 5 = wetStar: Fluorescence, WET Labs WETstar [mg/m^3]
# name 6 = xmiss: Beam Transmission, Chelsea/Seatech [%]
# name 7 = par: PAR/Irradiance, Biospherical/Licor
# name 8 = sal00: Salinity, Practical [PSU]
# name 9 = sigma-é00: Density [sigma-theta, kg/m^3]
# name 10 = depSM: Depth [salt water, m], lat = 0
# name 11 = sbox0Mm/Kg: Oxygen, SBE 43 [umol/kg], WS = 2
# name 12 = potemp090C: Potential Temperature [ITS-90, deg C]
# name 13 = nbin: number of scans per bin
# name 14 = flag: flag
# span 0 =        556,       1317       
# span 1 =      1.000,     56.000       
# span 2 =     7.7474,     8.9168       
# span 3 =  31.305141,  34.335605       
# span 4 =     1.6256,     2.3864       
# span 5 =     1.2794,    10.2073       
# span 6 =    86.5187,    91.5050       
# span 7 = -1.036e-06, 3.4431e+02       
# span 8 =    29.8381,    32.1613       
# span 9 =    23.2323,    24.9170       
# span 10 =      0.994,     55.684      
# span 11 =    137.479,    236.020      
# span 12 =     7.7465,     8.9133      
# span 13 =          2,        175      
# span 14 = 0.0000e+00, 0.0000e+00      
# interval = decibars: 0.5              
# start_time = Feb 25 2022 10:54:19 [Instrument's time stamp, header]
# bad_flag = -9.990e-29
*END*
        556      1.000     7.9306  31.305141     2.3864     5.0363    88.5422 9.2743e+01    29.8381    23.2323      0.994    236.020     7.9305         95 0.0000e+00
        600      1.500     8.2631  31.832471     2.3710     6.3717    88.6023 8.8847e+01    30.1076    23.3972      1.492    229.827     8.2630          6 0.0000e+00
        604      2.000     8.4666  32.127461     2.3546     7.1524    88.0497 8.2271e+01    30.2414    23.4730      1.989    226.918     8.4664          5 0.0000e+00
        608      2.500     8.4981  32.241733     2.3446     7.5050    87.7079 9.7661e+01    30.3332    23.5403      2.486    226.109     8.4979          3 0.0000e+00
        612      3.000     8.4828  32.350336     2.3397     8.1642    87.0908 1.7164e+02    30.4594    23.6414      2.983    225.899     8.4825          4 0.0000e+00
        615      3.500     8.4063  32.612306     2.3373     7.8119    87.1878 3.4431e+02    30.7992    23.9186      3.481    225.754     8.4060          3 0.0000e+00
        618      4.000     8.2566  32.699160     2.3356     8.5883    86.8605 2.8263e+02    31.0214    24.1144      3.978    226.095     8.2562          3 0.0000e+00
        621      4.500     8.2001  32.679781     2.3340     9.0752    86.5187 2.5202e+02    31.0509    24.1456      4.476    226.021     8.1996          4 0.0000e+00
        625      5.000     8.1641  32.657074     2.3313     9.3610    86.7729 2.1655e+02    31.0586    24.1567      4.972    225.808     8.1636          3 0.0000e+00
        628      5.500     8.1302  32.632994     2.3291     9.4660    86.9257 1.9170e+02    31.0630    24.1650      5.469    225.841     8.1297          3 0.0000e+00
        631      6.000     8.0987  32.606786     2.3274    10.1545    86.9597 1.6832e+02    31.0630    24.1696      5.967    226.110     8.0981          3 0.0000e+00
        634      6.500     8.0726  32.587684     2.3276    10.2073    87.0884 1.4064e+02    31.0657    24.1754      6.464    226.574     8.0720          3 0.0000e+00
        637      7.000     8.0460  32.567554     2.3284     8.7507    87.2514 1.2103e+02    31.0678    24.1808      6.961    226.929     8.0454          3 0.0000e+00
        640      7.500     7.9994  32.534194     2.3297     8.6730    87.3803 1.0261e+02    31.0737    24.1920      7.459    227.300     7.9987          3 0.0000e+00
        643      8.000     7.8666  32.460271     2.3301     7.9351    87.3459 8.9796e+01    31.1133    24.2417      7.956    227.901     7.8659          3 0.0000e+00
        646      8.500     7.8323  32.454153     2.3301     7.6768    87.3832 7.7517e+01    31.1371    24.2652      8.453    227.960     7.8315          3 0.0000e+00
        649      9.000     7.7763  32.404742     2.3297     7.6868    87.6951 6.6248e+01    31.1343    24.2708      8.950    228.051     7.7755          3 0.0000e+00
        652      9.500     7.7474  32.385294     2.3280     7.5819    86.9996 5.9261e+01    31.1392    24.2787      9.448    227.529     7.7465          3 0.0000e+00
        655     10.000     7.7500  32.394855     2.3237     7.1381    87.7166 5.2483e+01    31.1469    24.2843      9.945    226.810     7.7491          3 0.0000e+00
        658     10.500     7.7575  32.409427     2.3205     6.9805    88.2507 4.5089e+01    31.1555    24.2901     10.442    226.464     7.7565          3 0.0000e+00
        661     11.000     7.7626  32.415657     2.3173     6.2485    88.1207 3.9894e+01    31.1573    24.2908     10.939    225.926     7.7616          3 0.0000e+00
        664     11.500     7.7766  32.436169     2.3128     6.4696    87.9855 3.4967e+01    31.1664    24.2960     11.437    225.253     7.7755          3 0.0000e+00
        667     12.000     7.7661  32.430499     2.3096     5.9274    88.3315 3.0531e+01    31.1695    24.2999     11.934    224.861     7.7650          3 0.0000e+00
        670     12.500     7.7628  32.431718     2.3047     5.7599    88.4255 2.6759e+01    31.1735    24.3035     12.431    224.201     7.7617          3 0.0000e+00
        673     13.000     7.7725  32.445665     2.3004     5.9754    88.6435 2.4091e+01    31.1795    24.3069     12.928    223.981     7.7713          3 0.0000e+00
        676     13.500     7.7737  32.450830     2.2988     5.4379    88.7321 2.1820e+01    31.1837    24.3101     13.425    223.955     7.7724          3 0.0000e+00
        679     14.000     7.7873  32.469058     2.2961     5.5767    88.9747 1.9566e+01    31.1907    24.3137     13.922    223.442     7.7860          3 0.0000e+00
        682     14.500     7.7904  32.474911     2.2934     5.5653    88.9640 1.7636e+01    31.1940    24.3158     14.419    222.904     7.7890          3 0.0000e+00
        685     15.000     7.7874  32.474942     2.2892     5.6105    89.2290 1.6000e+01    31.1964    24.3181     14.917    222.170     7.7860          3 0.0000e+00
        688     15.500     7.7807  32.477650     2.2837     5.4051    89.3380 1.4522e+01    31.2050    24.3259     15.414    221.329     7.7793          3 0.0000e+00
        691     16.000     7.8197  32.529151     2.2780     5.4058    89.4509 1.2981e+01    31.2248    24.3359     15.911    220.400     7.8182          3 0.0000e+00
        694     16.500     7.8435  32.552839     2.2728     5.2100    89.5179 1.1602e+01    31.2284    24.3355     16.409    219.844     7.8419          3 0.0000e+00
        697     17.000     7.8712  32.584235     2.2689     5.3279    89.6143 1.0536e+01    31.2367    24.3381     16.906    219.366     7.8697          3 0.0000e+00
        700     17.500     7.9057  32.618075     2.2646     5.4298    89.5062 9.5273e+00    31.2416    24.3370     17.403    218.628     7.9041          3 0.0000e+00
        703     18.000     7.9149  32.623453     2.2600     5.2610    89.4136 8.6316e+00    31.2388    24.3336     17.900    217.943     7.9132          3 0.0000e+00
        706     18.500     7.9182  32.627068     2.2555     4.9533    89.4621 7.7837e+00    31.2395    24.3337     18.398    217.455     7.9165          3 0.0000e+00
        709     19.000     7.9221  32.633228     2.2518     5.0222    89.6834 7.1139e+00    31.2424    24.3354     18.895    217.243     7.9203          3 0.0000e+00
        712     19.500     7.9315  32.645735     2.2490     5.0023    89.7881 6.4352e+00    31.2470    24.3377     19.392    217.181     7.9297          3 0.0000e+00
        715     20.000     7.9609  32.673496     2.2478     5.4479    89.7637 5.8238e+00    31.2500    24.3359     19.889    217.128     7.9589          3 0.0000e+00
        718     20.500     7.9638  32.675859     2.2474     5.1561    89.6863 5.2856e+00    31.2496    24.3353     20.387    216.908     7.9619          3 0.0000e+00
        721     21.000     7.9654  32.675008     2.2451     5.2312    89.8961 4.8272e+00    31.2470    24.3330     20.884    216.001     7.9634          3 0.0000e+00
        724     21.500     7.9408  32.657153     2.2391     5.2065    89.9219 4.3649e+00    31.2498    24.3387     21.381    215.004     7.9388          3 0.0000e+00
        727     22.000     7.9709  32.688239     2.2333     5.2744    89.7660 3.9290e+00    31.2558    24.3390     21.878    214.211     7.9688          3 0.0000e+00
        730     22.500     8.0056  32.721569     2.2287     4.9175    89.7559 3.5898e+00    31.2598    24.3373     22.375    213.633     8.0035          3 0.0000e+00
        733     23.000     8.0211  32.752492     2.2239     4.5127    89.7474 3.2735e+00    31.2785    24.3498     22.872    213.090     8.0189          3 0.0000e+00
        736     23.500     8.0577  32.792452     2.2207     4.6224    90.0057 2.9798e+00    31.2878    24.3519     23.369    212.585     8.0555          3 0.0000e+00
        739     24.000     8.0001  32.754123     2.2166     4.6882    89.9839 2.6929e+00    31.2985    24.3684     23.866    212.405     7.9979          3 0.0000e+00
        741     24.500     7.9819  32.748175     2.2131     4.4845    90.0376 2.4613e+00    31.3083    24.3787     24.364    212.214     7.9796          2 0.0000e+00
        744     25.000     7.9859  32.757690     2.2105     4.3709    89.9537 2.2471e+00    31.3145    24.3831     24.861    212.142     7.9835          3 0.0000e+00
        747     25.500     7.9903  32.766269     2.2091     5.0158    90.2260 2.0203e+00    31.3195    24.3863     25.359    212.182     7.9879          3 0.0000e+00
        750     26.000     7.9973  32.775962     2.2087     4.6232    90.2747 1.8337e+00    31.3233    24.3884     25.856    211.392     7.9948          3 0.0000e+00
        753     26.500     8.0012  32.780792     2.2014     4.3527    90.2365 1.6903e+00    31.3247    24.3889     26.353    208.163     7.9987          3 0.0000e+00
        756     27.000     8.0125  32.800423     2.1818     4.4436    90.3571 1.5317e+00    31.3352    24.3955     26.850    203.444     8.0099          3 0.0000e+00
        759     27.500     8.0514  32.838341     2.1558     3.9957    90.4619 1.3887e+00    31.3401    24.3939     27.347    198.861     8.0488          3 0.0000e+00
        762     28.000     8.0812  32.895450     2.1277     3.9260    90.4728 1.2684e+00    31.3736    24.4159     27.844    194.488     8.0785          3 0.0000e+00
        765     28.500     8.2926  33.145559     2.0978     3.4172    90.4068 1.1651e+00    31.4479    24.4437     28.341    188.964     8.2899          3 0.0000e+00
        768     29.000     8.4154  33.280461     2.0640     3.1997    90.4951 1.0597e+00    31.4796    24.4507     28.839    183.508     8.4126          2 0.0000e+00
        770     29.500     8.4474  33.337823     2.0276     3.2275    90.7141 9.7003e-01    31.5110    24.4705     29.336    178.898     8.4445          3 0.0000e+00
        773     30.000     8.5281  33.446149     1.9928     2.9501    90.7778 8.8796e-01    31.5521    24.4909     29.833    174.888     8.5251          3 0.0000e+00
        776     30.500     8.6104  33.551477     1.9603     2.7956    90.7942 8.3280e-01    31.5883    24.5071     30.330    171.281     8.6074          3 0.0000e+00
        779     31.000     8.6932  33.698314     1.9304     2.5001    90.8189 7.5957e-01    31.6672    24.5565     30.827    168.084     8.6901          3 0.0000e+00
        782     31.500     8.7278  33.754656     1.9037     2.2376    90.5463 6.9122e-01    31.6948    24.5729     31.324    165.472     8.7246          3 0.0000e+00
        785     32.000     8.7418  33.801502     1.8783     2.1110    90.2286 6.2807e-01    31.7308    24.5990     31.821    162.849     8.7386          3 0.0000e+00
        788     32.500     8.7778  33.882288     1.8545     2.0151    89.9768 5.8238e-01    31.7824    24.6340     32.319    160.061     8.7745          3 0.0000e+00
        791     33.000     8.8109  33.930980     1.8318     1.9360    89.9925 5.3369e-01    31.8032    24.6452     32.816    157.495     8.8075          3 0.0000e+00
        793     33.500     8.8283  33.953339     1.8125     1.7452    90.5153 4.7997e-01    31.8105    24.6484     33.314    155.632     8.8249          2 0.0000e+00
        796     34.000     8.8524  33.996958     1.7951     1.6429    90.9242 4.3440e-01    31.8341    24.6631     33.811    154.323     8.8489          3 0.0000e+00
        799     34.500     8.9168  34.089759     1.7822     1.5565    91.0548 4.0519e-01    31.8725    24.6834     34.308    153.301     8.9133          3 0.0000e+00
        802     35.000     8.8915  34.107884     1.7723     1.5443    91.2444 3.7132e-01    31.9137    24.7195     34.805    152.564     8.8879          3 0.0000e+00
        805     35.500     8.8912  34.125195     1.7621     1.6137    91.4064 3.3749e-01    31.9318    24.7337     35.302    151.691     8.8876          3 0.0000e+00
        808     36.000     8.8267  34.077572     1.7543     1.6477    91.5050 3.0570e-01    31.9401    24.7500     35.799    151.502     8.8230          3 0.0000e+00
        811     36.500     8.8101  34.076566     1.7489     1.5095    91.4277 2.8045e-01    31.9538    24.7633     36.296    151.417     8.8064          3 0.0000e+00
        814     37.000     8.8303  34.106353     1.7457     1.5039    91.3465 2.5903e-01    31.9663    24.7700     36.794    151.284     8.8266          3 0.0000e+00
        817     37.500     8.8331  34.108838     1.7434     1.4986    90.9793 2.3175e-01    31.9662    24.7695     37.291    151.083     8.8293          3 0.0000e+00
        820     38.000     8.8012  34.077325     1.7410     1.4931    90.8047 2.0720e-01    31.9619    24.7710     37.788    150.868     8.7973          3 0.0000e+00
        823     38.500     8.7722  34.056427     1.7378     1.5081    90.6910 1.8841e-01    31.9661    24.7787     38.285    150.713     8.7683          2 0.0000e+00
        825     39.000     8.7663  34.053322     1.7368     1.5887    90.4817 1.7141e-01    31.9680    24.7810     38.781    150.836     8.7624          3 0.0000e+00
        828     39.500     8.7586  34.053217     1.7361     1.7693    90.4216 1.5908e-01    31.9745    24.7874     39.279    150.876     8.7546          3 0.0000e+00
        831     40.000     8.7502  34.050886     1.7353     1.5487    90.1126 1.3892e-01    31.9795    24.7926     39.776    150.749     8.7462          3 0.0000e+00
        834     40.500     8.7503  34.056616     1.7340     1.5080    90.0484 1.2688e-01    31.9851    24.7969     40.274    150.517     8.7462          3 0.0000e+00
        837     41.000     8.7643  34.071087     1.7324     1.5401    89.9672 1.0673e-01    31.9874    24.7966     40.771    150.331     8.7601          3 0.0000e+00
        840     41.500     8.7634  34.071028     1.7312     1.4909    89.8491 9.4643e-02    31.9879    24.7971     41.268    150.171     8.7592          3 0.0000e+00
        843     42.000     8.7633  34.073175     1.7295     1.4903    89.8896 8.0666e-02    31.9900    24.7988     41.765    149.873     8.7590          4 0.0000e+00
        847     42.500     8.7675  34.078606     1.7272     1.5667    89.8728 6.8057e-02    31.9916    24.7994     42.262    149.416     8.7632          3 0.0000e+00
        851     43.000     8.7708  34.083235     1.7230     1.4736    89.9291 5.6310e-02    31.9933    24.8002     42.759    148.668     8.7664          4 0.0000e+00
        855     43.500     8.7737  34.098527     1.7182     1.4546    89.9313 4.0529e-02    32.0063    24.8100     43.257    148.140     8.7693          4 0.0000e+00
        859     44.000     8.8026  34.137870     1.7142     1.4696    89.8528 3.4760e-02    32.0210    24.8171     43.754    147.576     8.7981          4 0.0000e+00
        863     44.500     8.8190  34.159121     1.7096     1.4460    89.8714 2.2172e-02    32.0281    24.8202     44.251    146.895     8.8144          4 0.0000e+00
        867     45.000     8.8318  34.174981     1.7044     1.4011    89.8298 1.8741e-02    32.0328    24.8220     44.748    146.332     8.8272          5 0.0000e+00
        872     45.500     8.8571  34.203206     1.7000     1.4340    89.9343 1.1055e-02    32.0391    24.8230     45.245    145.895     8.8525          5 0.0000e+00
        877     46.000     8.8476  34.198937     1.6970     1.4174    90.0412 2.4722e-03    32.0430    24.8275     45.742    145.783     8.8429          7 0.0000e+00
        906     46.500     8.8382  34.194947     1.6902     1.3917    90.3042 3.9055e-05    32.0472    24.8322     46.239    145.248     8.8334         36 0.0000e+00
        924     47.000     8.8327  34.193596     1.6871     1.4053    90.2796 3.8872e-05    32.0505    24.8356     46.736    144.887     8.8279         10 0.0000e+00
        931     47.500     8.8183  34.182090     1.6873     1.4076    90.1437 -1.036e-06    32.0513    24.8385     47.233    144.998     8.8135          6 0.0000e+00
        937     48.000     8.7818  34.152099     1.6855     1.3933    90.0202 1.0000e-12    32.0529    24.8453     47.731    144.600     8.7769          6 0.0000e+00
        942     48.500     8.7854  34.161442     1.6807     1.4234    89.8430 1.0000e-12    32.0591    24.8496     48.228    143.488     8.7805          5 0.0000e+00
