data/CTD-bamfield-project/Raw/bam221008.cnv
* Sea-Bird SBE25 Data File:
* FileName = C:\Users\Winkler\Documents\CTD data\Bamfield 2022\hex\bam221008.hex
* Software Version 1.59
* Temperature SN = 4194
* Conductivity SN = 2155
* System UpLoad Time = Feb 25 2022 14:13:21
* ds
* SBE 25 CTD  V 4.1b SN 0363   02/25/22  14:58:12.031
# nquan = 15
# nvalues = 120                         
# units = specified
# name 0 = scan: Scan Count
# name 1 = prSM: Pressure, Strain Gauge [db]
# name 2 = t090C: Temperature [ITS-90, deg C]
# name 3 = c0mS/cm: Conductivity [mS/cm]
# name 4 = sbeox0V: Oxygen raw, SBE 43 [V]
# name 5 = wetStar: Fluorescence, WET Labs WETstar [mg/m^3]
# name 6 = xmiss: Beam Transmission, Chelsea/Seatech [%]
# name 7 = par: PAR/Irradiance, Biospherical/Licor
# name 8 = sal00: Salinity, Practical [PSU]
# name 9 = sigma-é00: Density [sigma-theta, kg/m^3]
# name 10 = depSM: Depth [salt water, m], lat = 0
# name 11 = sbox0Mm/Kg: Oxygen, SBE 43 [umol/kg], WS = 2
# name 12 = potemp090C: Potential Temperature [ITS-90, deg C]
# name 13 = nbin: number of scans per bin
# name 14 = flag: flag
# span 0 =        530,        938       
# span 1 =      1.000,     60.500       
# span 2 =     7.9703,     8.9579       
# span 3 =  30.705144,  34.150523       
# span 4 =     1.6416,     2.3738       
# span 5 =     1.3673,     8.6790       
# span 6 =    86.0604,    92.2747       
# span 7 = -1.749e-04, 6.4131e+02       
# span 8 =    28.8941,    32.0878       
# span 9 =    22.4405,    24.8796       
# span 10 =      0.995,     60.159      
# span 11 =    140.018,    233.147      
# span 12 =     7.9693,     8.9550      
# span 13 =          2,         82      
# span 14 = 0.0000e+00, 0.0000e+00      
# interval = decibars: 0.5              
# start_time = Feb 24 2022 17:00:59 [Instrument's time stamp, header]
# bad_flag = -9.990e-29
*END*
[from data line 97]
        861     49.500     8.6494  34.019622     1.7182     1.5066    89.6483 1.0000e-12    32.0337    24.8503     49.222    147.946     8.6444          2 0.0000e+00
        863     50.000     8.6600  34.033498     1.7131     1.4328    89.3862 1.0000e-12    32.0385    24.8525     49.719    147.264     8.6549          3 0.0000e+00
        866     50.500     8.6608  34.037277     1.7070     1.4309    89.2170 1.0000e-12    32.0414    24.8547     50.216    146.444     8.6557          3 0.0000e+00
        869     51.000     8.6636  34.044057     1.7002     1.4097    88.9729 1.0000e-12    32.0458    24.8576     50.713    145.647     8.6585          3 0.0000e+00
        872     51.500     8.6757  34.063377     1.6937     1.4433    88.9020 1.0000e-12    32.0548    24.8629     51.210    144.874     8.6705          3 0.0000e+00
        874     52.000     8.6902  34.080421     1.6875     1.4310    88.5725 1.0000e-12    32.0592    24.8642     51.708    144.169     8.6850          2 0.0000e+00
        877     52.500     8.6963  34.090439     1.6826     1.4085    88.3496 1.0000e-12    32.0640    24.8670     52.205    143.659     8.6910          3 0.0000e+00
        879     53.000     8.7023  34.100490     1.6788     1.4303    88.2519 1.0000e-12    32.0688    24.8699     52.703    143.240     8.6969          2 0.0000e+00
        882     53.500     8.7117  34.114697     1.6727     1.4108    88.1796 1.0000e-12    32.0748    24.8732     53.200    142.540     8.7063          3 0.0000e+00
        885     54.000     8.7197  34.124884     1.6676     1.4451    88.0987 1.0000e-12    32.0780    24.8745     53.697    142.240     8.7143          3 0.0000e+00
        888     54.500     8.7268  34.135270     1.6655     1.3780    87.8978 1.0000e-12    32.0822    24.8767     54.194    141.918     8.7213          3 0.0000e+00
        891     55.000     8.7348  34.144809     1.6601     1.3728    87.9295 1.0000e-12    32.0847    24.8775     54.691    141.175     8.7292          3 0.0000e+00
        894     55.500     8.7363  34.146283     1.6570     1.3948    87.7186 1.0000e-12    32.0846    24.8771     55.188    141.060     8.7307          3 0.0000e+00
        896     56.000     8.7347  34.144802     1.6550     1.3709    87.6874 1.0000e-12    32.0843    24.8771     55.685    140.966     8.7290          2 0.0000e+00
        899     56.500     8.7340  34.146701     1.6524     1.3673    87.7178 1.0000e-12    32.0867    24.8792     56.182    140.729     8.7283          3 0.0000e+00
        902     57.000     8.7370  34.150523     1.6501     1.3874    87.7273 1.0000e-12    32.0878    24.8795     56.679    140.581     8.7312          4 0.0000e+00
        905     57.500     8.7365  34.150184     1.6489     1.3960    87.6221 1.0000e-12    32.0876    24.8796     57.177    140.483     8.7307          2 0.0000e+00
        908     58.000     8.7353  34.149199     1.6473     1.4024    87.2619 1.0000e-12    32.0875    24.8796     57.673    140.214     8.7294          3 0.0000e+00
        911     58.500     8.7284  34.139148     1.6449     1.4549    87.1357 1.0000e-12    32.0830    24.8772     58.170    140.018     8.7225          3 0.0000e+00
        914     59.000     8.7168  34.127731     1.6436     1.4594    87.0340 1.0000e-12    32.0814    24.8776     58.668    140.095     8.7108          3 0.0000e+00
        917     59.500     8.7149  34.127143     1.6433     1.4714    86.8650 1.0000e-12    32.0823    24.8786     59.165    140.114     8.7089          3 0.0000e+00
        921     60.000     8.7158  34.127923     1.6421     1.4386    86.0604 1.0000e-12    32.0820    24.8783     59.662    140.045     8.7097          4 0.0000e+00
        938     60.500     8.7192  34.132193     1.6416     1.4356    86.2808 1.0000e-12    32.0832    24.8787     60.159    140.089     8.7131         28 0.0000e+00
