CTD-bamfield-project/Raw/bam221005.cnv
* Sea-Bird SBE25 Data File:
* FileName = C:\Users\Winkler\Documents\CTD data\Bamfield 2022\hex\bam221005.hex
* Software Version 1.59
* Temperature SN = 4194
* Conductivity SN = 2155
* System UpLoad Time = Feb 25 2022 14:04:32
* ds
* SBE 25 CTD  V 4.1b SN 0363   02/25/22  14:49:14.542
# nquan = 15
# nvalues = 284                         
# units = specified
# name 0 = scan: Scan Count
# name 1 = prSM: Pressure, Strain Gauge [db]
# name 2 = t090C: Temperature [ITS-90, deg C]
# name 3 = c0mS/cm: Conductivity [mS/cm]
# name 4 = sbeox0V: Oxygen raw, SBE 43 [V]
# name 5 = wetStar: Fluorescence, WET Labs WETstar [mg/m^3]
# name 6 = xmiss: Beam Transmission, Chelsea/Seatech [%]
# name 7 = par: PAR/Irradiance, Biospherical/Licor
# name 8 = sal00: Salinity, Practical [PSU]
# name 9 = sigma-é00: Density [sigma-theta, kg/m^3]
# name 10 = depSM: Depth [salt water, m], lat = 0
# name 11 = sbox0Mm/Kg: Oxygen, SBE 43 [umol/kg], WS = 2
# name 12 = potemp090C: Potential Temperature [ITS-90, deg C]
# name 13 = nbin: number of scans per bin
# name 14 = flag: flag
# span 0 =        663,       2560       
# span 1 =      1.000,    142.500       
# span 2 =     7.5514,     9.3648       
# span 3 =  28.961575,  34.689535       
# span 4 =     0.7473,     2.3602       
# span 5 =     1.0475,     2.9980       
# span 6 =    84.8312,    93.8844       
# span 7 = 1.0000e-12, 9.7933e+02       
# span 8 =    27.6790,    32.7047       
# span 9 =    21.5889,    25.3795       
# span 10 =      0.994,    141.668      
# span 11 =     32.387,    237.068      
# span 12 =     7.5512,     9.3641      
# span 13 =          1,        423      
# span 14 = 0.0000e+00, 0.0000e+00      
# interval = decibars: 0.5              
# start_time = Feb 24 2022 11:30:13 [Instrument's time stamp, header]
# bad_flag = -9.990e-29
*END*
        663      1.000     7.5704  29.055709     2.3392     2.4181    91.0877 9.7933e+02    27.7652    21.6544      0.994    237.068     7.5703        423 0.0000e+00
        968      1.500     7.5538  28.961575     2.3602     2.8144    91.1991 6.8006e+02    27.6790    21.5889      1.492    234.287     7.5537          7 0.0000e+00
        932      2.000     7.5514  29.491603     2.3028     2.9904    91.0116 7.3089e+02    28.2400    22.0295      1.989    218.585     7.5512          3 0.0000e+00
        935      2.500     8.1493  30.970017     2.2497     2.8965    90.8405 5.3726e+02    29.3018    22.7819      2.486    206.131     8.1491          3 0.0000e+00
        938      3.000     8.3580  31.215428     2.2059     2.8573    89.9628 4.8494e+02    29.3832    22.8165      2.983    199.781     8.3577          2 0.0000e+00
        940      3.500     8.6539  32.009239     2.1669     2.8946    91.0996 4.5415e+02    29.9580    23.2239      3.481    193.846     8.6535          2 0.0000e+00
        942      4.000     9.1708  33.021807     2.1348     2.9473    91.1497 3.6841e+02    30.5620    23.6194      3.978    188.434     9.1704          2 0.0000e+00
        944      4.500     9.2510  33.225742     2.1090     2.8814    91.5289 3.4674e+02    30.7014    23.7158      4.475    186.242     9.2506          2 0.0000e+00
        945      5.000     9.2760  33.538115     2.0880     2.8669    92.2700 2.9598e+02    30.9996    23.9450      4.973    184.421     9.2755          2 0.0000e+00
        947      5.500     9.3126  33.723303     2.0691     2.8894    92.4650 2.7916e+02    31.1572    24.0625      5.470    182.757     9.3120          2 0.0000e+00
        949      6.000     9.3452  33.833456     2.0529     2.9205    92.6520 2.3243e+02    31.2414    24.1232      5.967    181.294     9.3446          2 0.0000e+00
        951      6.500     9.3648  33.918054     2.0390     2.9175    92.8750 1.9282e+02    31.3106    24.1743      6.464    180.053     9.3641          1 0.0000e+00
        953      7.000     9.3591  33.932010     2.0248     2.9700    92.9719 2.1605e+02    31.3298    24.1901      6.962    178.617     9.3584          2 0.0000e+00
        955      7.500     9.3027  33.880321     2.0127     2.9980    93.0129 2.1889e+02    31.3260    24.1960      7.459    177.514     9.3019          2 0.0000e+00
        957      8.000     9.2424  33.858045     1.9988     2.9590    93.0355 1.6005e+02    31.3558    24.2287      7.956    176.159     9.2416          2 0.0000e+00
        958      8.500     9.2588  33.914517     1.9863     2.9019    93.1263 1.5467e+02    31.3992    24.2601      8.453    174.707     9.2579          2 0.0000e+00
        960      9.000     9.3019  33.963690     1.9739     2.7697    93.1285 1.3043e+02    31.4115    24.2630      8.950    173.349     9.3010          2 0.0000e+00
        962      9.500     9.3108  33.983768     1.9631     2.6857    93.1176 1.2415e+02    31.4241    24.2714      9.448    172.383     9.3098          2 0.0000e+00
        964     10.000     9.2922  33.991227     1.9527     2.6450    92.7517 1.2791e+02    31.4479    24.2929      9.945    171.564     9.2912          1 0.0000e+00
        966     10.500     9.2737  34.013152     1.9442     2.5409    93.1444 1.0645e+02    31.4865    24.3260     10.442    170.836     9.2726          2 0.0000e+00
        968     11.000     9.2907  34.068966     1.9356     2.4745    93.1776 9.9041e+01    31.5286    24.3562     10.939    169.945     9.2895          2 0.0000e+00
        970     11.500     9.3320  34.129173     1.9271     2.3585    93.5148 9.0733e+01    31.5538    24.3694     11.436    168.950     9.3308          2 0.0000e+00
        971     12.000     9.3323  34.129122     1.9204     2.2731    93.5301 8.4162e+01    31.5531    24.3689     11.934    168.381     9.3311          2 0.0000e+00
        973     12.500     9.3038  34.124439     1.9137     2.2386    93.5546 7.6822e+01    31.5734    24.3892     12.431    167.929     9.3025          2 0.0000e+00
        975     13.000     9.2859  34.142834     1.9074     2.1665    93.6220 7.2095e+01    31.6078    24.4190     12.928    167.403     9.2845          2 0.0000e+00
        977     13.500     9.2782  34.164774     1.9025     2.1321    93.6775 6.7767e+01    31.6369    24.4429     13.425    167.051     9.2768          1 0.0000e+00
        979     14.000     9.2798  34.176699     1.8972     2.0802    93.7597 6.0887e+01    31.6476    24.4510     13.923    166.615     9.2783          2 0.0000e+00
        981     14.500     9.2839  34.185105     1.8928     2.0886    93.7753 5.5909e+01    31.6523    24.4540     14.420    166.165     9.2824          2 0.0000e+00
        982     15.000     9.2878  34.196414     1.8889     2.0465    93.7072 5.2396e+01    31.6603    24.4597     14.917    165.895     9.2862          2 0.0000e+00
        984     15.500     9.2886  34.202060     1.8849     2.0537    93.6692 4.9255e+01    31.6652    24.4634     15.414    165.502     9.2870          2 0.0000e+00
        986     16.000     9.2892  34.207441     1.8819     2.0095    93.6659 4.5737e+01    31.6700    24.4671     15.911    165.267     9.2875          2 0.0000e+00
        988     16.500     9.2904  34.212033     1.8785     1.9890    93.6770 4.2348e+01    31.6733    24.4695     16.409    164.903     9.2887          2 0.0000e+00
        990     17.000     9.2907  34.214540     1.8754     1.9425    93.6520 3.9102e+01    31.6754    24.4711     16.906    164.553     9.2889          1 0.0000e+00
        992     17.500     9.2906  34.218151     1.8724     1.9112    93.6357 3.6157e+01    31.6790    24.4739     17.403    164.230     9.2888          2 0.0000e+00
        994     18.000     9.2923  34.225575     1.8695     1.8697    93.6691 3.3570e+01    31.6850    24.4783     17.900    163.779     9.2904          2 0.0000e+00
        996     18.500     9.2936  34.231645     1.8661     1.8204    93.6231 3.1550e+01    31.6898    24.4819     18.397    163.291     9.2917          2 0.0000e+00
        998     19.000     9.2922  34.238176     1.8620     1.7635    93.6796 2.9442e+01    31.6975    24.4881     18.895    162.606     9.2902          2 0.0000e+00
        999     19.500     9.2918  34.244514     1.8580     1.7959    93.6793 2.7244e+01    31.7042    24.4935     19.392    161.912     9.2898          2 0.0000e+00
       1001     20.000     9.2933  34.251048     1.8529     1.7004    93.7501 2.5262e+01    31.7093    24.4973     19.889    161.040     9.2912          2 0.0000e+00
       1003     20.500     9.2949  34.255934     1.8468     1.6521    93.7927 2.3463e+01    31.7128    24.4997     20.387    160.074     9.2927          2 0.0000e+00
       1005     21.000     9.2973  34.265395     1.8401     1.6018    93.8136 2.1847e+01    31.7201    24.5051     20.884    159.099     9.2951          1 0.0000e+00
       1007     21.500     9.3036  34.280567     1.8332     1.5275    93.8635 2.0536e+01    31.7299    24.5117     21.381    158.284     9.3013          2 0.0000e+00
       1009     22.000     9.3073  34.290499     1.8262     1.4545    93.8844 1.9089e+01    31.7366    24.5164     21.878    157.584     9.3050          2 0.0000e+00
       1011     22.500     9.3152  34.308420     1.8206     1.4183    93.8372 1.7752e+01    31.7477    24.5239     22.375    157.060     9.3128          2 0.0000e+00
       1013     23.000     9.3189  34.325922     1.8148     1.4044    93.8269 1.6531e+01    31.7622    24.5346     22.872    156.632     9.3165          2 0.0000e+00
       1014     23.500     9.3042  34.334889     1.8103     1.3884    93.8400 1.5452e+01    31.7842    24.5541     23.370    156.455     9.3017          2 0.0000e+00
       1016     24.000     9.2914  34.340925     1.8068     1.3724    93.8046 1.4430e+01    31.8016    24.5697     23.867    156.331     9.2889          2 0.0000e+00
       1018     24.500     9.2870  34.341202     1.8044     1.3496    93.7126 1.3560e+01    31.8056    24.5735     24.364    156.205     9.2844          2 0.0000e+00
       1020     25.000     9.2808  34.337689     1.8010     1.3114    93.6268 1.2628e+01    31.8073    24.5759     24.861    155.858     9.2782          1 0.0000e+00
       1022     25.500     9.2722  34.334274     1.7987     1.2900    93.6092 1.1750e+01    31.8113    24.5803     25.359    155.592     9.2695          2 0.0000e+00
       1024     26.000     9.2724  34.343404     1.7957     1.2654    93.5530 1.0922e+01    31.8202    24.5873     25.856    155.276     9.2697          2 0.0000e+00
       1026     26.500     9.2841  34.360559     1.7929     1.2681    93.5307 1.0190e+01    31.8273    24.5910     26.353    154.867     9.2813          2 0.0000e+00
       1027     27.000     9.2919  34.372320     1.7901     1.2354    93.5187 9.5221e+00    31.8322    24.5936     26.850    154.539     9.2890          2 0.0000e+00
       1029     27.500     9.2920  34.379413     1.7873     1.2264    93.4945 8.9402e+00    31.8392    24.5991     27.347    154.182     9.2891          2 0.0000e+00
       1031     28.000     9.2966  34.396966     1.7844     1.2047    93.4804 8.3739e+00    31.8529    24.6091     27.844    153.864     9.2936          2 0.0000e+00
       1033     28.500     9.3044  34.413228     1.7814     1.1912    93.3850 7.7923e+00    31.8624    24.6153     28.341    153.473     9.3014          1 0.0000e+00
       1035     29.000     9.3031  34.416062     1.7792     1.1807    93.2362 7.2492e+00    31.8663    24.6185     28.839    153.301     9.3000          2 0.0000e+00
       1037     29.500     9.2971  34.416405     1.7762     1.1548    93.1609 6.7467e+00    31.8717    24.6237     29.336    153.094     9.2940          2 0.0000e+00
       1038     30.000     9.2981  34.422376     1.7747     1.1484    93.1021 6.2927e+00    31.8768    24.6275     29.833    153.060     9.2950          2 0.0000e+00
       1040     30.500     9.2980  34.427854     1.7730     1.1560    93.0896 5.9161e+00    31.8823    24.6318     30.330    153.171     9.2948          2 0.0000e+00
       1042     31.000     9.2949  34.429946     1.7723     1.1569    93.0449 5.5343e+00    31.8870    24.6360     30.828    153.448     9.2916          2 0.0000e+00
       1044     31.500     9.2902  34.431478     1.7728     1.1403    93.0344 5.1278e+00    31.8925    24.6411     31.324    154.047     9.2869          1 0.0000e+00
       1046     32.000     9.2900  34.440128     1.7744     1.1191    92.9693 4.7660e+00    31.9014    24.6480     31.822    154.762     9.2866          2 0.0000e+00
       1048     32.500     9.2929  34.444234     1.7793     1.1319    92.9662 4.4340e+00    31.9028    24.6487     32.319    155.869     9.2895          2 0.0000e+00
       1049     33.000     9.2852  34.438736     1.7838     1.1313    92.9541 4.1061e+00    31.9038    24.6507     32.816    156.825     9.2817          2 0.0000e+00
       1051     33.500     9.2802  34.436051     1.7903     1.1237    92.9538 3.8487e+00    31.9052    24.6526     33.313    157.760     9.2767          2 0.0000e+00
       1053     34.000     9.2768  34.433564     1.7963     1.1227    92.8697 3.6070e+00    31.9055    24.6534     33.811    158.556     9.2732          1 0.0000e+00
       1055     34.500     9.2729  34.430374     1.8022     1.1227    92.8901 3.3621e+00    31.9056    24.6540     34.307    159.141     9.2693          2 0.0000e+00
       1057     35.000     9.2635  34.419392     1.8076     1.1227    92.8867 3.1130e+00    31.9024    24.6531     34.805    159.745     9.2598          2 0.0000e+00
       1058     35.500     9.2415  34.400659     1.8125     1.1483    92.8732 2.8950e+00    31.9026    24.6567     35.302    160.232     9.2378          2 0.0000e+00
       1060     36.000     9.2269  34.396294     1.8175     1.1175    92.8126 2.6901e+00    31.9108    24.6655     35.799    160.647     9.2231          2 0.0000e+00
       1062     36.500     9.2188  34.400210     1.8206     1.0872    92.7354 2.5085e+00    31.9220    24.6753     36.296    160.780     9.2150          1 0.0000e+00
       1064     37.000     9.2094  34.398639     1.8242     1.0989    92.6244 2.3771e+00    31.9286    24.6820     36.794    160.968     9.2055          2 0.0000e+00
       1066     37.500     9.2016  34.397387     1.8261     1.0793    92.3660 2.2127e+00    31.9340    24.6875     37.291    161.091     9.1977          2 0.0000e+00
       1067     38.000     9.1983  34.400295     1.8282     1.0954    92.3519 2.0506e+00    31.9397    24.6924     37.788    161.104     9.1943          2 0.0000e+00
       1069     38.500     9.1924  34.399818     1.8302     1.0883    92.3629 1.9023e+00    31.9443    24.6970     38.285    161.134     9.1884          1 0.0000e+00
       1071     39.000     9.1883  34.399660     1.8302     1.0885    92.2691 1.7627e+00    31.9476    24.7002     38.782    160.837     9.1841          2 0.0000e+00
       1072     39.500     9.1843  34.399231     1.8296     1.0885    92.2553 1.6436e+00    31.9505    24.7031     39.279    160.520     9.1802          2 0.0000e+00
       1074     40.000     9.1799  34.399403     1.8285     1.0809    92.3386 1.5360e+00    31.9544    24.7068     39.776    160.253     9.1758          2 0.0000e+00
       1076     40.500     9.1767  34.402041     1.8278     1.0710    92.3352 1.4324e+00    31.9598    24.7116     40.274    160.151     9.1725          1 0.0000e+00
       1078     41.000     9.1702  34.403505     1.8256     1.0714    92.2704 1.3372e+00    31.9669    24.7181     40.770    159.855     9.1659          2 0.0000e+00
       1080     41.500     9.1625  34.404298     1.8254     1.0714    92.1431 1.2376e+00    31.9744    24.7252     41.268    159.885     9.1582          2 0.0000e+00
       1081     42.000     9.1501  34.406854     1.8236     1.0714    92.1226 1.1404e+00    31.9879    24.7378     41.765    159.734     9.1457          2 0.0000e+00
       1083     42.500     9.1378  34.407956     1.8225     1.0714    92.1208 1.0613e+00    31.9999    24.7490     42.262    159.624     9.1334          2 0.0000e+00
       1085     43.000     9.1241  34.408557     1.8217     1.0549    92.0172 9.8796e-01    32.0125    24.7610     42.759    159.625     9.1196          1 0.0000e+00
       1087     43.500     9.1144  34.408984     1.8203     1.0740    91.9205 9.2458e-01    32.0215    24.7696     43.257    159.547     9.1099          2 0.0000e+00
       1089     44.000     9.1105  34.408644     1.8193     1.0542    91.8787 8.5581e-01    32.0245    24.7725     43.753    159.508     9.1059          2 0.0000e+00
       1090     44.500     9.1029  34.407773     1.8187     1.0621    91.7569 7.8988e-01    32.0301    24.7781     44.251    159.638     9.0983          2 0.0000e+00
       1092     45.000     9.0983  34.406478     1.8186     1.0629    91.7664 7.2209e-01    32.0327    24.7809     44.748    159.839     9.0936          2 0.0000e+00
       1094     45.500     9.0923  34.404906     1.8193     1.0549    91.7715 6.6466e-01    32.0363    24.7847     45.245    160.064     9.0876          1 0.0000e+00
       1096     46.000     9.0900  34.403745     1.8200     1.0732    91.7269 6.1700e-01    32.0369    24.7855     45.742    160.225     9.0852          2 0.0000e+00
       1097     46.500     9.0779  34.399961     1.8205     1.0714    91.7444 5.8020e-01    32.0437    24.7926     46.239    160.305     9.0731          2 0.0000e+00
       1099     47.000     9.0543  34.394454     1.8210     1.0714    91.7692 5.2883e-01    32.0590    24.8083     46.736    160.428     9.0494          2 0.0000e+00
       1101     47.500     9.0064  34.381430     1.8217     1.0475    91.7466 4.8219e-01    32.0885    24.8388     47.234    160.679     9.0015          2 0.0000e+00
       1107     48.000     8.9793  34.372599     1.8234     1.0547    91.5926 4.3559e-01    32.1036    24.8548     47.731    160.977     8.9743         14 0.0000e+00
       1181     48.500     8.9662  34.365252     1.8264     1.0579    91.5433 4.0231e-01    32.1076    24.8599     48.228    161.193     8.9612        130 0.0000e+00
