CTD-bamfield-project/Raw/bam221006.cnv
* Sea-Bird SBE25 Data File:
* FileName = C:\Users\Winkler\Documents\CTD data\Bamfield 2022\hex\bam221006.hex
* Software Version 1.59
* Temperature SN = 4194
* Conductivity SN = 2155
* System UpLoad Time = Feb 25 2022 14:08:10
* ds
* SBE 25 CTD  V 4.1b SN 0363   02/25/22  14:52:50.227
# nquan = 15
# nvalues = 277                         
# units = specified
# name 0 = scan: Scan Count
# name 1 = prSM: Pressure, Strain Gauge [db]
# name 2 = t090C: Temperature [ITS-90, deg C]
# name 3 = c0mS/cm: Conductivity [mS/cm]
# name 4 = sbeox0V: Oxygen raw, SBE 43 [V]
# name 5 = wetStar: Fluorescence, WET Labs WETstar [mg/m^3]
# name 6 = xmiss: Beam Transmission, Chelsea/Seatech [%]
# name 7 = par: PAR/Irradiance, Biospherical/Licor
# name 8 = sal00: Salinity, Practical [PSU]
# name 9 = sigma-é00: Density [sigma-theta, kg/m^3]
# name 10 = depSM: Depth [salt water, m], lat = 0
# name 11 = sbox0Mm/Kg: Oxygen, SBE 43 [umol/kg], WS = 2
# name 12 = potemp090C: Potential Temperature [ITS-90, deg C]
# name 13 = nbin: number of scans per bin
# name 14 = flag: flag
# span 0 =        501,       2208       
# span 1 =      4.500,    142.500       
# span 2 =     8.5602,     9.2903       
# span 3 =  33.163951,  34.719368       
# span 4 =     0.7092,     2.1508       
# span 5 =     1.1047,     4.1073       
# span 6 =    84.8061,    94.1084       
# span 7 = 1.0000e-12, 2.7215e+02       
# span 8 =    30.7523,    32.6971       
# span 9 =    23.7557,    25.3669       
# span 10 =      4.476,    141.668      
# span 11 =     27.693,    193.464      
# span 12 =     8.5471,     9.2874      
# span 13 =          1,        347      
# span 14 = 0.0000e+00, 0.0000e+00      
# interval = decibars: 0.5              
# start_time = Feb 24 2022 13:11:24 [Instrument's time stamp, header]
# bad_flag = -9.990e-29
*END*
[from data line 193]
       1134    101.000     8.6608  34.339021     1.6804     1.1770    85.7397 1.0000e-12    32.3342    25.0847    100.420    143.041     8.6506          2 0.0000e+00
       1135    101.500     8.6484  34.334297     1.6749     1.1740    85.7000 1.0000e-12    32.3404    25.0914    100.918    142.706     8.6381          2 0.0000e+00
       1137    102.000     8.6436  34.335963     1.6701     1.1920    85.7837 1.0000e-12    32.3463    25.0969    101.415    142.368     8.6333          1 0.0000e+00
       1139    102.500     8.6496  34.354269     1.6659     1.1706    85.5383 1.0000e-12    32.3597    25.1064    101.911    141.908     8.6392          2 0.0000e+00
       1141    103.000     8.6662  34.372533     1.6623     1.1913    85.4558 1.0000e-12    32.3634    25.1068    102.409    141.477     8.6558          2 0.0000e+00
       1142    103.500     8.6557  34.363067     1.6570     1.1911    85.2110 1.0000e-12    32.3629    25.1080    102.906    140.860     8.6452          2 0.0000e+00
       1144    104.000     8.6388  34.352316     1.6532     1.1911    84.8729 1.0000e-12    32.3669    25.1138    103.403    140.443     8.6283          1 0.0000e+00
       1146    104.500     8.6311  34.347712     1.6491     1.1816    84.8061 1.0000e-12    32.3689    25.1165    103.900    140.002     8.6205          2 0.0000e+00
       1147    105.000     8.6269  34.345102     1.6444     1.1746    84.8496 1.0000e-12    32.3698    25.1178    104.396    139.459     8.6162          2 0.0000e+00
       1149    105.500     8.6241  34.343869     1.6395     1.1563    84.9777 1.0000e-12    32.3708    25.1190    104.894    138.912     8.6134          1 0.0000e+00
       1151    106.000     8.6234  34.344601     1.6362     1.1668    85.0664 1.0000e-12    32.3720    25.1200    105.391    138.610     8.6127          2 0.0000e+00
       1152    106.500     8.6209  34.346194     1.6320     1.1899    85.2842 1.0000e-12    32.3758    25.1234    105.888    138.168     8.6101          2 0.0000e+00
       1154    107.000     8.6169  34.347754     1.6285     1.1547    85.4100 1.0000e-12    32.3808    25.1280    106.385    137.764     8.6061          1 0.0000e+00
       1156    107.500     8.6152  34.348392     1.6243     1.1671    85.6119 1.0000e-12    32.3828    25.1298    106.881    137.297     8.6043          2 0.0000e+00
       1157    108.000     8.6143  34.348546     1.6208     1.1654    85.5779 1.0000e-12    32.3836    25.1305    107.379    136.926     8.6033          2 0.0000e+00
       1159    108.500     8.6130  34.349312     1.6171     1.1727    85.5210 1.0000e-12    32.3853    25.1321    107.876    136.526     8.6020          2 0.0000e+00
       1161    109.000     8.6118  34.350101     1.6142     1.1582    85.4361 1.0000e-12    32.3871    25.1336    108.372    136.137     8.6008          1 0.0000e+00
       1163    109.500     8.6112  34.350511     1.6102     1.2020    85.5294 1.0000e-12    32.3878    25.1343    108.870    135.697     8.6001          2 0.0000e+00
       1164    110.000     8.6094  34.350932     1.6060     1.1920    85.4881 1.0000e-12    32.3896    25.1361    109.366    135.190     8.5983          2 0.0000e+00
       1166    110.500     8.6074  34.351495     1.6031     1.1740    85.3765 1.0000e-12    32.3918    25.1381    109.864    134.803     8.5962          1 0.0000e+00
       1168    111.000     8.6066  34.351729     1.5996     1.1838    85.4377 1.0000e-12    32.3926    25.1388    110.361    134.416     8.5954          2 0.0000e+00
       1169    111.500     8.6072  34.355173     1.5947     1.1826    85.3781 1.0000e-12    32.3953    25.1409    110.858    133.842     8.5959          2 0.0000e+00
       1171    112.000     8.6108  34.359490     1.5915     1.1826    85.4208 1.0000e-12    32.3964    25.1412    111.355    133.474     8.5994          2 0.0000e+00
       1173    112.500     8.6120  34.361520     1.5886     1.1904    85.3315 1.0000e-12    32.3972    25.1417    111.851    133.218     8.6006          1 0.0000e+00
       1175    113.000     8.6129  34.364003     1.5845     1.1911    85.3506 1.0000e-12    32.3988    25.1427    112.348    132.585     8.6015          2 0.0000e+00
       1176    113.500     8.6142  34.365848     1.5815     1.1911    85.2553 1.0000e-12    32.3993    25.1429    112.845    131.959     8.6027          2 0.0000e+00
       1178    114.000     8.6149  34.366956     1.5764     1.1911    85.2161 1.0000e-12    32.3996    25.1431    113.342    130.939     8.6033          1 0.0000e+00
       1180    114.500     8.6145  34.367638     1.5715     1.1726    85.2733 1.0000e-12    32.4004    25.1438    113.840    129.755     8.6029          2 0.0000e+00
       1181    115.000     8.6150  34.369823     1.5636     1.1972    85.2688 1.0000e-12    32.4020    25.1450    114.336    128.305     8.6034          2 0.0000e+00
       1183    115.500     8.6162  34.371830     1.5542     1.1911    85.3228 1.0000e-12    32.4028    25.1454    114.833    126.647     8.6045          1 0.0000e+00
       1185    116.000     8.6172  34.373043     1.5458     1.1717    85.3073 1.0000e-12    32.4029    25.1453    115.331    125.211     8.6055          2 0.0000e+00
       1186    116.500     8.6166  34.374432     1.5346     1.1822    85.3477 1.0000e-12    32.4047    25.1469    115.827    123.478     8.6048          2 0.0000e+00
       1188    117.000     8.6141  34.378009     1.5228     1.1733    85.3495 1.0000e-12    32.4105    25.1519    116.324    121.621     8.6022          1 0.0000e+00
       1190    117.500     8.6134  34.388936     1.5100     1.1740    85.3662 1.0000e-12    32.4224    25.1611    116.822    119.879     8.6015          2 0.0000e+00
       1192    118.000     8.6124  34.396402     1.4962     1.1740    85.4494 1.0000e-12    32.4309    25.1681    117.318    118.222     8.6004          2 0.0000e+00
       1193    118.500     8.6099  34.396855     1.4834     1.1821    85.5459 1.0000e-12    32.4335    25.1705    117.815    116.916     8.5979          2 0.0000e+00
       1195    119.000     8.6065  34.401410     1.4717     1.1755    85.5730 1.0000e-12    32.4411    25.1769    118.312    115.879     8.5944          2 0.0000e+00
       1197    119.500     8.6008  34.409047     1.4611     1.1740    85.5898 1.0000e-12    32.4541    25.1880    118.809    114.997     8.5887          1 0.0000e+00
       1198    120.000     8.5994  34.415706     1.4516     1.1740    85.5514 1.0000e-12    32.4621    25.1945    119.306    114.248     8.5873          2 0.0000e+00
       1200    120.500     8.6010  34.422158     1.4437     1.1740    85.5078 1.0000e-12    32.4672    25.1982    119.803    113.578     8.5888          1 0.0000e+00
       1202    121.000     8.6047  34.429716     1.4355     1.1740    85.5742 1.0000e-12    32.4715    25.2011    120.300    112.978     8.5924          2 0.0000e+00
       1204    121.500     8.6035  34.431257     1.4283     1.1740    85.6729 1.0000e-12    32.4739    25.2032    120.797    112.463     8.5912          2 0.0000e+00
       1205    122.000     8.5935  34.425258     1.4223     1.1816    85.7079 1.0000e-12    32.4767    25.2069    121.294    112.140     8.5811          2 0.0000e+00
       1207    122.500     8.5861  34.421565     1.4172     1.1914    85.7260 1.0000e-12    32.4794    25.2101    121.791    111.898     8.5737          1 0.0000e+00
       1209    123.000     8.5828  34.420267     1.4114     1.1706    85.7418 1.0000e-12    32.4808    25.2117    122.287    111.496     8.5703          2 0.0000e+00
       1211    123.500     8.5788  34.418844     1.4087     1.1827    85.6430 1.0000e-12    32.4828    25.2139    122.785    111.388     8.5663          2 0.0000e+00
       1212    124.000     8.5718  34.417548     1.4048     1.1905    85.5080 1.0000e-12    32.4876    25.2187    123.282    111.237     8.5593          2 0.0000e+00
       1214    124.500     8.5680  34.417169     1.4009     1.2745    85.4317 1.0000e-12    32.4904    25.2215    123.779    110.972     8.5554          2 0.0000e+00
       1288    125.000     8.5667  34.416776     1.3812     1.2024    86.2282 1.0000e-12    32.4911    25.2222    124.276    109.334     8.5540        178 0.0000e+00
       1412    125.500     8.5652  34.416673     1.3697     1.1887    86.6945 1.0000e-12    32.4921    25.2232    124.773    107.222     8.5525          6 0.0000e+00
       1402    126.000     8.5652  34.417345     1.3572     1.1699    86.2757 1.0000e-12    32.4926    25.2236    125.269    103.847     8.5524          5 0.0000e+00
       1407    126.500     8.5642  34.420346     1.3348     1.1740    86.2160 1.0000e-12    32.4963    25.2267    125.766     99.929     8.5514          4 0.0000e+00
       1411    127.000     8.5626  34.437908     1.3089     1.1647    86.2968 1.0000e-12    32.5161    25.2425    126.263     96.893     8.5497          4 0.0000e+00
       1415    127.500     8.5698  34.460770     1.2906     1.1654    86.4128 1.0000e-12    32.5332    25.2547    126.760     95.388     8.5569          4 0.0000e+00
       1418    128.000     8.5781  34.475296     1.2774     1.1736    86.5952 1.0000e-12    32.5405    25.2593    127.257     94.139     8.5651          3 0.0000e+00
       1421    128.500     8.5715  34.472046     1.2632     1.1740    86.7647 1.0000e-12    32.5430    25.2622    127.754     92.239     8.5585          4 0.0000e+00
       1425    129.000     8.5602  34.464953     1.2466     1.1740    87.0007 1.0000e-12    32.5457    25.2660    128.251     89.855     8.5471          3 0.0000e+00
       1429    129.500     8.5631  34.473224     1.2292     1.1740    87.0094 1.0000e-12    32.5515    25.2701    128.748     87.004     8.5500          4 0.0000e+00
       1432    130.000     8.5788  34.490775     1.2077     1.1796    87.1027 1.0000e-12    32.5552    25.2707    129.245     83.376     8.5656          3 0.0000e+00
       1435    130.500     8.5873  34.501283     1.1805     1.1825    87.0702 1.0000e-12    32.5581    25.2717    129.742     79.390     8.5741          4 0.0000e+00
       1439    131.000     8.5994  34.520225     1.1515     1.1688    87.1819 1.0000e-12    32.5667    25.2766    130.239     75.335     8.5861          3 0.0000e+00
       1442    131.500     8.6131  34.539964     1.1218     1.1565    87.3437 1.0000e-12    32.5745    25.2807    130.736     71.082     8.5997          3 0.0000e+00
       1445    132.000     8.6292  34.564008     1.0900     1.1569    87.5430 1.0000e-12    32.5846    25.2862    131.233     66.906     8.6158          3 0.0000e+00
       1448    132.500     8.6343  34.575579     1.0580     1.1654    87.7130 1.0000e-12    32.5918    25.2910    131.730     63.691     8.6208          4 0.0000e+00
       1452    133.000     8.6331  34.587975     1.0301     1.1790    87.9015 1.0000e-12    32.6057    25.3021    132.227     61.516     8.6196          3 0.0000e+00
       1455    133.500     8.6410  34.613405     1.0080     1.1615    88.3299 1.0000e-12    32.6248    25.3159    132.724     59.857     8.6274          3 0.0000e+00
       1458    134.000     8.6562  34.623742     0.9911     1.1563    88.5038 1.0000e-12    32.6214    25.3109    133.221     58.590     8.6425          3 0.0000e+00
       1462    134.500     8.6454  34.617132     0.9776     1.1613    88.6321 1.0000e-12    32.6242    25.3147    133.717     57.743     8.6317          4 0.0000e+00
       1552    135.000     8.6484  34.621123     0.9442     1.1546    88.9293 1.0000e-12    32.6254    25.3153    134.215     55.607     8.6346        230 0.0000e+00
       1716    135.500     8.6489  34.622639     0.9257     1.1510    88.7453 1.0000e-12    32.6263    25.3159    134.712     53.025     8.6350          6 0.0000e+00
       1701    136.000     8.6544  34.629137     0.9209     1.1404    88.5854 1.0000e-12    32.6278    25.3163    135.208     52.813     8.6405          4 0.0000e+00
       1705    136.500     8.6570  34.632500     0.9186     1.1450    88.5739 1.0000e-12    32.6287    25.3165    135.705     52.851     8.6430          3 0.0000e+00
       1708    137.000     8.6589  34.635126     0.9176     1.1569    88.5381 1.0000e-12    32.6295    25.3169    136.202     52.887     8.6449          3 0.0000e+00
       1711    137.500     8.6556  34.632520     0.9172     1.1389    88.6134 1.0000e-12    32.6295    25.3174    136.699     52.284     8.6416          3 0.0000e+00
       1714    138.000     8.6547  34.631781     0.9117     1.1524    88.6296 1.0000e-12    32.6294    25.3174    137.196     49.523     8.6406          3 0.0000e+00
       1717    138.500     8.6516  34.628961     0.8914     1.2451    88.4361 1.0000e-12    32.6291    25.3177    137.693     44.673     8.6374          4 0.0000e+00
       1721    139.000     8.6507  34.629204     0.8625     1.1481    88.7034 1.0000e-12    32.6299    25.3185    138.190     40.343     8.6365          3 0.0000e+00
       1724    139.500     8.6511  34.642378     0.8344     1.1398    88.5345 1.0000e-12    32.6431    25.3288    138.687     37.328     8.6368          3 0.0000e+00
       1863    140.000     8.6755  34.702916     0.7436     1.1281    89.8834 1.0000e-12    32.6837    25.3569    139.184     30.798     8.6611        329 0.0000e+00
       2058    140.500     8.6793  34.716150     0.7179     1.1296    89.7271 1.0000e-12    32.6938    25.3643    139.681     28.636     8.6649          5 0.0000e+00
       2062    141.000     8.6795  34.717102     0.7169     1.1223    90.4264 1.0000e-12    32.6945    25.3647    140.178     28.470     8.6650          5 0.0000e+00
       2067    141.500     8.6802  34.717447     0.7152     1.1335    90.3169 1.0000e-12    32.6939    25.3642    140.674     28.212     8.6657          5 0.0000e+00
       2072    142.000     8.6797  34.718040     0.7138     1.1363    90.3364 1.0000e-12    32.6947    25.3649    141.171     28.161     8.6652          5 0.0000e+00
       2208    142.500     8.6785  34.719368     0.7092     1.1258    90.4566 1.0000e-12    32.6971    25.3669    141.668     27.693     8.6639        347 0.0000e+00
