CTD-bamfield-project/Raw/bam221006.cnv
* Sea-Bird SBE25 Data File:
* FileName = C:\Users\Winkler\Documents\CTD data\Bamfield 2022\hex\bam221006.hex
* Software Version 1.59
* Temperature SN = 4194
* Conductivity SN = 2155
* System UpLoad Time = Feb 25 2022 14:08:10
* ds
* SBE 25 CTD  V 4.1b SN 0363   02/25/22  14:52:50.227
# nquan = 15
# nvalues = 277                         
# units = specified
# name 0 = scan: Scan Count
# name 1 = prSM: Pressure, Strain Gauge [db]
# name 2 = t090C: Temperature [ITS-90, deg C]
# name 3 = c0mS/cm: Conductivity [mS/cm]
# name 4 = sbeox0V: Oxygen raw, SBE 43 [V]
# name 5 = wetStar: Fluorescence, WET Labs WETstar [mg/m^3]
# name 6 = xmiss: Beam Transmission, Chelsea/Seatech [%]
# name 7 = par: PAR/Irradiance, Biospherical/Licor
# name 8 = sal00: Salinity, Practical [PSU]
# name 9 = sigma-é00: Density [sigma-theta, kg/m^3]
# name 10 = depSM: Depth [salt water, m], lat = 0
# name 11 = sbox0Mm/Kg: Oxygen, SBE 43 [umol/kg], WS = 2
# name 12 = potemp090C: Potential Temperature [ITS-90, deg C]
# name 13 = nbin: number of scans per bin
# name 14 = flag: flag
# span 0 =        501,       2208       
# span 1 =      4.500,    142.500       
# span 2 =     8.5602,     9.2903       
# span 3 =  33.163951,  34.719368       
# span 4 =     0.7092,     2.1508       
# span 5 =     1.1047,     4.1073       
# span 6 =    84.8061,    94.1084       
# span 7 = 1.0000e-12, 2.7215e+02       
# span 8 =    30.7523,    32.6971       
# span 9 =    23.7557,    25.3669       
# span 10 =      4.476,    141.668      
# span 11 =     27.693,    193.464      
# span 12 =     8.5471,     9.2874      
# span 13 =          1,        347      
# span 14 = 0.0000e+00, 0.0000e+00      
# interval = decibars: 0.5              
# start_time = Feb 24 2022 13:11:24 [Instrument's time stamp, header]
# bad_flag = -9.990e-29
*END*
        501      4.500     9.2505  33.275131     2.1508     3.8670    87.8895 1.9510e+02    30.7523    23.7557      4.476    193.464     9.2500          2 0.0000e+00
        504      5.000     9.1570  33.290622     2.1316     3.8465    89.4926 2.3131e+02    30.8488    23.8455      4.972    193.246     9.1565          3 0.0000e+00
        507      5.500     9.0604  33.248737     2.1185     4.1073    90.9132 2.7215e+02    30.8891    23.8918      5.469    193.192     9.0599          2 0.0000e+00
        509      6.000     8.9698  33.188491     2.1071     3.9455    91.2678 2.3478e+02    30.9055    23.9183      5.967    192.544     8.9692          3 0.0000e+00
        512      6.500     8.9252  33.163951     2.0962     4.0621    91.3349 2.3407e+02    30.9188    23.9355      6.464    191.377     8.9245          2 0.0000e+00
        514      7.000     8.8516  33.182144     2.0860     3.9174    91.4382 1.7896e+02    31.0015    24.0113      6.961    190.090     8.8509          3 0.0000e+00
        517      7.500     8.8496  33.305028     2.0722     3.8160    91.4360 1.7984e+02    31.1303    24.1124      7.458    188.132     8.8489          2 0.0000e+00
        519      8.000     8.8617  33.335684     2.0600     3.7343    91.4707 1.4777e+02    31.1512    24.1269      7.956    186.807     8.8609          3 0.0000e+00
        522      8.500     8.8741  33.410613     2.0484     3.7549    91.5712 1.4808e+02    31.2177    24.1771      8.453    185.670     8.8733          3 0.0000e+00
        524      9.000     8.8654  33.473780     2.0385     3.7127    91.6636 1.3463e+02    31.2906    24.2355      8.951    185.006     8.8645          2 0.0000e+00
        527      9.500     8.8625  33.503512     2.0316     3.7617    91.8370 1.2157e+02    31.3238    24.2619      9.448    184.729     8.8616          3 0.0000e+00
        530     10.000     8.8753  33.542956     2.0266     3.7369    92.0506 1.1362e+02    31.3532    24.2830      9.944    184.478     8.8743          2 0.0000e+00
        532     10.500     8.8633  33.538304     2.0229     3.7076    92.1455 1.0303e+02    31.3587    24.2891     10.442    184.078     8.8622          3 0.0000e+00
        535     11.000     8.8410  33.532550     2.0176     3.6424    92.0493 9.3848e+01    31.3723    24.3031     10.939    183.400     8.8399          3 0.0000e+00
        537     11.500     8.8239  33.526655     2.0126     3.3680    92.1392 8.6003e+01    31.3810    24.3125     11.437    182.956     8.8227          2 0.0000e+00
        540     12.000     8.8070  33.518192     2.0083     3.2693    92.2496 7.9157e+01    31.3869    24.3197     11.934    182.718     8.8058          3 0.0000e+00
        542     12.500     8.8088  33.525018     2.0043     3.1331    92.2817 7.1628e+01    31.3923    24.3236     12.431    182.412     8.8075          2 0.0000e+00
        545     13.000     8.8226  33.544971     2.0020     3.1515    92.5001 6.6371e+01    31.4005    24.3281     12.928    181.787     8.8213          3 0.0000e+00
        548     13.500     8.8220  33.556440     1.9968     3.0437    92.8259 6.1433e+01    31.4128    24.3377     13.425    180.395     8.8206          2 0.0000e+00
        550     14.000     8.8226  33.568970     1.9880     2.9026    93.0675 5.7066e+01    31.4250    24.3471     13.923    178.127     8.8212          3 0.0000e+00
        552     14.500     8.8086  33.570384     1.9738     2.7814    93.1816 5.3540e+01    31.4387    24.3600     14.420    175.629     8.8071          2 0.0000e+00
        555     15.000     8.8099  33.591124     1.9594     2.6362    93.3548 4.8948e+01    31.4588    24.3755     14.917    173.625     8.8084          3 0.0000e+00
        557     15.500     8.8574  33.668648     1.9440     2.4628    93.4988 4.5309e+01    31.4969    24.3982     15.414    171.764     8.8558          2 0.0000e+00
        560     16.000     8.9350  33.799814     1.9310     2.3579    93.5889 4.2233e+01    31.5637    24.4388     15.911    170.202     8.9334          2 0.0000e+00
        562     16.500     9.0532  33.942797     1.9182     2.2986    93.7798 3.9043e+01    31.6064    24.4540     16.409    168.652     9.0515          3 0.0000e+00
        565     17.000     9.1118  34.015864     1.9068     2.2559    93.9631 3.6705e+01    31.6296    24.4632     16.906    167.418     9.1100          2 0.0000e+00
        567     17.500     9.1185  34.027595     1.8982     2.2386    94.0602 3.4018e+01    31.6356    24.4667     17.403    166.728     9.1167          3 0.0000e+00
        569     18.000     9.1180  34.031861     1.8905     2.1197    93.9913 3.1884e+01    31.6403    24.4705     17.901    166.136     9.1161          2 0.0000e+00
        572     18.500     9.1209  34.039621     1.8838     2.0967    93.9196 2.9867e+01    31.6455    24.4741     18.397    165.673     9.1190          2 0.0000e+00
        574     19.000     9.1376  34.064784     1.8801     2.0517    93.7927 2.7916e+01    31.6562    24.4799     18.895    165.439     9.1356          2 0.0000e+00
        576     19.500     9.1600  34.091389     1.8756     2.0081    93.6985 2.5809e+01    31.6637    24.4823     19.392    165.035     9.1580          2 0.0000e+00
        578     20.000     9.1765  34.112536     1.8721     2.0209    93.8232 2.4014e+01    31.6705    24.4851     19.889    164.702     9.1744          2 0.0000e+00
        580     20.500     9.1763  34.114734     1.8690     2.0107    93.8583 2.2317e+01    31.6728    24.4870     20.386    164.499     9.1742          2 0.0000e+00
        582     21.000     9.1696  34.106910     1.8673     1.9365    93.9425 2.0812e+01    31.6704    24.4861     20.884    164.344     9.1674          2 0.0000e+00
        584     21.500     9.1517  34.090853     1.8643     1.9432    93.9487 1.9547e+01    31.6697    24.4883     21.381    163.981     9.1495          2 0.0000e+00
        585     22.000     9.1496  34.096020     1.8615     1.9101    93.9610 1.8244e+01    31.6765    24.4940     21.878    163.560     9.1473          2 0.0000e+00
        587     22.500     9.1518  34.097232     1.8583     1.8800    93.8929 1.7083e+01    31.6756    24.4930     22.375    163.088     9.1495          2 0.0000e+00
        589     23.000     9.1461  34.093047     1.8560     1.8264    93.9443 1.5921e+01    31.6762    24.4943     22.872    162.657     9.1437          1 0.0000e+00
        591     23.500     9.1421  34.102305     1.8519     1.7772    93.7439 1.4852e+01    31.6891    24.5050     23.370    161.936     9.1397          2 0.0000e+00
        592     24.000     9.1605  34.137795     1.8472     1.7256    93.8964 1.3863e+01    31.7091    24.5178     23.867    161.066     9.1580          2 0.0000e+00
        594     24.500     9.1774  34.160846     1.8423     1.6332    94.0320 1.2993e+01    31.7176    24.5218     24.364    160.364     9.1749          1 0.0000e+00
        596     25.000     9.1903  34.179402     1.8369     1.6160    94.1052 1.2221e+01    31.7250    24.5257     24.861    159.650     9.1877          2 0.0000e+00
        597     25.500     9.2048  34.197002     1.8330     1.5626    94.1084 1.1395e+01    31.7300    24.5273     25.358    159.192     9.2021          2 0.0000e+00
        599     26.000     9.2237  34.229788     1.8277     1.4979    94.0547 1.0631e+01    31.7467    24.5375     25.856    158.538     9.2210          1 0.0000e+00
        601     26.500     9.2570  34.271577     1.8237     1.4892    94.0254 9.9386e+00    31.7598    24.5425     26.353    157.935     9.2542          2 0.0000e+00
        602     27.000     9.2656  34.283800     1.8190     1.4823    94.0037 9.2792e+00    31.7646    24.5449     26.850    157.565     9.2628          2 0.0000e+00
        604     27.500     9.2757  34.308395     1.8142     1.4994    93.9739 8.7063e+00    31.7806    24.5559     27.347    157.275     9.2728          1 0.0000e+00
        606     28.000     9.2903  34.329917     1.8121     1.4480    93.8952 8.2086e+00    31.7895    24.5605     27.845    157.351     9.2874          2 0.0000e+00
        607     28.500     9.2766  34.312955     1.8107     1.4986    93.8810 7.6917e+00    31.7841    24.5584     28.342    157.428     9.2736          2 0.0000e+00
        609     29.000     9.2493  34.293473     1.8097     1.4620    93.8462 7.1817e+00    31.7881    24.5658     28.838    157.277     9.2463          2 0.0000e+00
        611     29.500     9.2400  34.297090     1.8071     1.4812    93.8143 6.6853e+00    31.8000    24.5765     29.336    156.497     9.2369          1 0.0000e+00
        613     30.000     9.2569  34.318757     1.8042     1.4620    93.7517 6.2822e+00    31.8069    24.5794     29.833    155.391     9.2537          2 0.0000e+00
        614     30.500     9.2574  34.307582     1.7961     1.4221    93.7065 5.8922e+00    31.7948    24.5699     30.330    153.687     9.2542          2 0.0000e+00
        616     31.000     9.2076  34.256444     1.7880     1.3919    93.5769 5.5477e+00    31.7863    24.5710     30.827    152.580     9.2043          2 0.0000e+00
        618     31.500     9.1627  34.230387     1.7775     1.3615    93.5447 5.2164e+00    31.7992    24.5881     31.325    151.499     9.1594          1 0.0000e+00
        620     32.000     9.1492  34.221313     1.7704     1.3313    93.6737 4.8668e+00    31.8017    24.5921     31.821    151.057     9.1459          2 0.0000e+00
        622     32.500     9.1450  34.239985     1.7636     1.3106    93.7471 4.5630e+00    31.8245    24.6106     32.319    150.816     9.1416          2 0.0000e+00
        623     33.000     9.1812  34.298578     1.7590     1.2888    93.7004 4.2576e+00    31.8524    24.6268     32.816    150.473     9.1777          2 0.0000e+00
        625     33.500     9.2288  34.365921     1.7558     1.2607    93.5521 3.9764e+00    31.8790    24.6402     33.313    150.194     9.2253          1 0.0000e+00
        627     34.000     9.2829  34.421430     1.7511     1.2688    93.3843 3.7183e+00    31.8876    24.6385     33.810    149.512     9.2793          2 0.0000e+00
        628     34.500     9.2750  34.412986     1.7475     1.2126    93.2852 3.4973e+00    31.8857    24.6383     34.308    149.158     9.2714          2 0.0000e+00
        630     35.000     9.2491  34.406770     1.7433     1.2082    93.2480 3.2768e+00    31.9022    24.6553     34.805    148.850     9.2454          1 0.0000e+00
        632     35.500     9.2506  34.423494     1.7399     1.1879    93.0418 3.0466e+00    31.9179    24.6672     35.302    148.753     9.2469          2 0.0000e+00
        633     36.000     9.2560  34.433835     1.7375     1.1911    92.9050 2.8390e+00    31.9235    24.6707     35.799    148.907     9.2522          2 0.0000e+00
        635     36.500     9.2511  34.434243     1.7374     1.1546    92.9001 2.6400e+00    31.9281    24.6752     36.296    149.410     9.2473          1 0.0000e+00
        637     37.000     9.2455  34.440412     1.7374     1.1667    92.7455 2.4713e+00    31.9392    24.6847     36.794    149.783     9.2416          2 0.0000e+00
        638     37.500     9.2495  34.458155     1.7391     1.1495    92.6782 2.3032e+00    31.9538    24.6954     37.290    150.274     9.2455          2 0.0000e+00
        640     38.000     9.2599  34.476739     1.7399     1.1741    92.6583 2.1674e+00    31.9633    24.7013     37.788    150.559     9.2559          1 0.0000e+00
        642     38.500     9.2629  34.480171     1.7432     1.1364    92.6582 2.0060e+00    31.9639    24.7013     38.285    151.008     9.2589          2 0.0000e+00
        643     39.000     9.2425  34.465311     1.7456     1.1244    92.6704 1.8593e+00    31.9666    24.7066     38.782    151.213     9.2384          2 0.0000e+00
        645     39.500     9.2154  34.456855     1.7472     1.1393    92.5545 1.7211e+00    31.9820    24.7229     39.279    151.245     9.2113          1 0.0000e+00
        647     40.000     9.1973  34.459084     1.7478     1.1306    92.4642 1.5985e+00    32.0004    24.7401     39.776    151.175     9.1930          2 0.0000e+00
        648     40.500     9.1890  34.457254     1.7478     1.1236    92.3862 1.4838e+00    32.0057    24.7456     40.273    151.122     9.1847          2 0.0000e+00
        650     41.000     9.1819  34.451830     1.7484     1.1227    92.3362 1.3739e+00    32.0063    24.7471     40.771    151.229     9.1776          1 0.0000e+00
        652     41.500     9.1649  34.441724     1.7491     1.1227    92.2742 1.2993e+00    32.0108    24.7534     41.268    151.284     9.1606          2 0.0000e+00
        653     42.000     9.1567  34.444248     1.7496     1.1310    92.2559 1.1962e+00    32.0206    24.7623     41.765    151.154     9.1523          2 0.0000e+00
        655     42.500     9.1632  34.454611     1.7481     1.1239    92.2207 1.1028e+00    32.0252    24.7649     42.262    150.769     9.1588          2 0.0000e+00
        657     43.000     9.1696  34.461496     1.7472     1.1227    92.1754 1.0302e+00    32.0264    24.7648     42.759    150.474     9.1651          1 0.0000e+00
        659     43.500     9.1663  34.460512     1.7465     1.1227    92.2200 9.3860e-01    32.0280    24.7667     43.257    150.473     9.1618          2 0.0000e+00
        660     44.000     9.1627  34.457481     1.7443     1.1386    92.2149 8.7519e-01    32.0279    24.7671     43.754    150.219     9.1581          2 0.0000e+00
        662     44.500     9.1531  34.446266     1.7447     1.1398    92.2285 8.2524e-01    32.0249    24.7662     44.251    150.301     9.1485          1 0.0000e+00
        664     45.000     9.1421  34.443121     1.7427     1.1208    92.1536 7.6753e-01    32.0312    24.7729     44.748    150.197     9.1374          2 0.0000e+00
        665     45.500     9.1489  34.458412     1.7418     1.1304    92.0642 7.0616e-01    32.0407    24.7792     45.245    150.102     9.1442          2 0.0000e+00
        667     46.000     9.1617  34.473272     1.7411     1.1231    92.0665 6.4725e-01    32.0443    24.7801     45.742    150.031     9.1569          1 0.0000e+00
        669     46.500     9.1528  34.465793     1.7411     1.1137    92.1806 5.9915e-01    32.0443    24.7815     46.239    150.141     9.1479          2 0.0000e+00
        670     47.000     9.1251  34.453412     1.7401     1.1068    92.1284 5.5101e-01    32.0562    24.7951     46.736    150.170     9.1202          2 0.0000e+00
        672     47.500     9.1068  34.451312     1.7399     1.1212    92.0471 5.0920e-01    32.0704    24.8090     47.233    150.249     9.1018          1 0.0000e+00
        674     48.000     9.0947  34.451495     1.7399     1.1047    91.8705 4.7583e-01    32.0812    24.8194     47.731    150.391     9.0897          2 0.0000e+00
        675     48.500     9.0797  34.447863     1.7399     1.1288    91.8912 4.3214e-01    32.0907    24.8292     48.228    150.536     9.0747          2 0.0000e+00
        677     49.000     9.0673  34.446330     1.7404     1.1175    91.8277 3.9794e-01    32.1000    24.8384     48.725    150.630     9.0623          2 0.0000e+00
        679     49.500     9.0597  34.442058     1.7411     1.1392    91.7464 3.5856e-01    32.1023    24.8414     49.222    150.750     9.0546          1 0.0000e+00
        681     50.000     9.0475  34.434381     1.7407     1.1209    91.6652 3.2099e-01    32.1051    24.8454     49.719    150.754     9.0423          3 0.0000e+00
        803     50.500     9.0417  34.431304     1.7427     1.1136    91.7704 2.9273e-01    32.1069    24.8478     50.216    150.992     9.0365        254 0.0000e+00
        955     51.000     9.0029  34.397194     1.7761     1.1111    91.7006 2.6259e-01    32.1064    24.8534     50.714    156.322     8.9976          6 0.0000e+00
        945     51.500     8.9857  34.391699     1.7799     1.1125    91.7402 2.4211e-01    32.1160    24.8635     51.210    156.026     8.9804          5 0.0000e+00
        950     52.000     8.9837  34.391835     1.7799     1.1098    91.5680 2.1463e-01    32.1177    24.8652     51.708    155.459     8.9783          4 0.0000e+00
