CTD-bamfield-project/Raw/bam221005.cnv
* Sea-Bird SBE25 Data File:
* FileName = C:\Users\Winkler\Documents\CTD data\Bamfield 2022\hex\bam221005.hex
* Software Version 1.59
* Temperature SN = 4194
* Conductivity SN = 2155
* System UpLoad Time = Feb 25 2022 14:04:32
* ds
* SBE 25 CTD  V 4.1b SN 0363   02/25/22  14:49:14.542
# nquan = 15
# nvalues = 284                         
# units = specified
# name 0 = scan: Scan Count
# name 1 = prSM: Pressure, Strain Gauge [db]
# name 2 = t090C: Temperature [ITS-90, deg C]
# name 3 = c0mS/cm: Conductivity [mS/cm]
# name 4 = sbeox0V: Oxygen raw, SBE 43 [V]
# name 5 = wetStar: Fluorescence, WET Labs WETstar [mg/m^3]
# name 6 = xmiss: Beam Transmission, Chelsea/Seatech [%]
# name 7 = par: PAR/Irradiance, Biospherical/Licor
# name 8 = sal00: Salinity, Practical [PSU]
# name 9 = sigma-é00: Density [sigma-theta, kg/m^3]
# name 10 = depSM: Depth [salt water, m], lat = 0
# name 11 = sbox0Mm/Kg: Oxygen, SBE 43 [umol/kg], WS = 2
# name 12 = potemp090C: Potential Temperature [ITS-90, deg C]
# name 13 = nbin: number of scans per bin
# name 14 = flag: flag
# span 0 =        663,       2560       
# span 1 =      1.000,    142.500       
# span 2 =     7.5514,     9.3648       
# span 3 =  28.961575,  34.689535       
# span 4 =     0.7473,     2.3602       
# span 5 =     1.0475,     2.9980       
# span 6 =    84.8312,    93.8844       
# span 7 = 1.0000e-12, 9.7933e+02       
# span 8 =    27.6790,    32.7047       
# span 9 =    21.5889,    25.3795       
# span 10 =      0.994,    141.668      
# span 11 =     32.387,    237.068      
# span 12 =     7.5512,     9.3641      
# span 13 =          1,        423      
# span 14 = 0.0000e+00, 0.0000e+00      
# interval = decibars: 0.5              
# start_time = Feb 24 2022 11:30:13 [Instrument's time stamp, header]
# bad_flag = -9.990e-29
*END*
[from data line 97]
       1506     49.500     8.9442  34.354981     1.8275     1.0570    91.4382 3.5223e-01    32.1164    24.8702     49.222    160.857     8.9391          6 0.0000e+00
       1505     50.000     8.9387  34.353019     1.8231     1.0544    91.3435 3.2684e-01    32.1190    24.8731     49.719    160.231     8.9336          3 0.0000e+00
       1508     50.500     8.9276  34.353898     1.8202     1.0627    91.3549 2.9797e-01    32.1298    24.8833     50.217    160.107     8.9224          4 0.0000e+00
       1512     51.000     8.9096  34.351571     1.8181     1.0714    91.3147 2.6782e-01    32.1433    24.8967     50.713    160.083     8.9044          2 0.0000e+00
       1514     51.500     8.9022  34.350296     1.8177     1.1182    91.2780 2.5217e-01    32.1485    24.9019     51.211    160.185     8.8969          3 0.0000e+00
       1516     52.000     8.8975  34.349065     1.8163     1.0664    91.1868 2.3265e-01    32.1513    24.9047     51.708    160.119     8.8922          2 0.0000e+00
       1518     52.500     8.8923  34.347535     1.8168     1.0629    91.0748 2.0576e-01    32.1542    24.9078     52.205    160.254     8.8869          2 0.0000e+00
       1521     53.000     8.8868  34.346340     1.8162     1.0543    91.0729 1.8811e-01    32.1577    24.9114     52.702    160.307     8.8814          2 0.0000e+00
       1522     53.500     8.8836  34.345362     1.8162     1.0627    91.0861 1.7084e-01    32.1593    24.9132     53.199    160.441     8.8781          2 0.0000e+00
       1524     54.000     8.8807  34.344447     1.8174     1.0548    91.0103 1.6021e-01    32.1608    24.9148     53.696    160.754     8.8752          2 0.0000e+00
       1526     54.500     8.8774  34.343146     1.8180     1.0618    90.8872 1.4181e-01    32.1623    24.9164     54.193    160.932     8.8718          2 0.0000e+00
       1528     55.000     8.8727  34.341874     1.8191     1.0766    90.8822 1.2886e-01    32.1650    24.9193     54.691    161.086     8.8670          2 0.0000e+00
       1530     55.500     8.8685  34.341089     1.8205     1.0717    90.8588 1.1779e-01    32.1677    24.9221     55.188    161.267     8.8628          1 0.0000e+00
       1532     56.000     8.8660  34.340093     1.8212     1.0714    90.7780 1.0178e-01    32.1687    24.9232     55.684    161.408     8.8603          2 0.0000e+00
       1534     56.500     8.8565  34.337248     1.8217     1.0714    90.6629 8.5728e-02    32.1741    24.9290     56.182    161.539     8.8507          2 0.0000e+00
       1535     57.000     8.8487  34.334994     1.8235     1.0714    90.6307 7.5981e-02    32.1787    24.9337     56.679    161.863     8.8429          2 0.0000e+00
       1537     57.500     8.8449  34.333448     1.8247     1.0714    90.5706 6.4232e-02    32.1803    24.9356     57.176    162.059     8.8390          2 0.0000e+00
       1539     58.000     8.8404  34.331728     1.8267     1.0892    90.4782 5.3225e-02    32.1823    24.9379     57.673    162.233     8.8345          1 0.0000e+00
       1541     58.500     8.8377  34.331389     1.8274     1.0776    90.3624 3.8760e-02    32.1842    24.9397     58.170    162.294     8.8317          2 0.0000e+00
       1543     59.000     8.8353  34.330353     1.8279     1.0704    90.2529 3.1830e-02    32.1851    24.9407     58.668    162.242     8.8293          2 0.0000e+00
       1545     59.500     8.8317  34.329058     1.8292     1.0981    90.2388 2.7063e-02    32.1868    24.9427     59.165    162.348     8.8256          2 0.0000e+00
       1546     60.000     8.8287  34.328322     1.8291     1.0722    90.2269 1.7572e-02    32.1885    24.9446     59.662    162.360     8.8225          2 0.0000e+00
       1548     60.500     8.8260  34.327888     1.8296     1.0638    90.0703 1.1338e-02    32.1903    24.9463     60.159    162.462     8.8199          2 0.0000e+00
       1550     61.000     8.8244  34.328141     1.8302     1.0836    89.9865 6.7457e-03    32.1917    24.9477     60.656    162.567     8.8182          2 0.0000e+00
       1552     61.500     8.8244  34.328790     1.8314     1.0725    89.9208 3.5914e-04    32.1923    24.9481     61.153    162.687     8.8181          1 0.0000e+00
       1554     62.000     8.8245  34.328940     1.8315     1.0811    89.9023 1.0000e-12    32.1921    24.9480     61.650    162.695     8.8181          2 0.0000e+00
       1556     62.500     8.8232  34.329222     1.8315     1.0714    89.8770 1.0000e-12    32.1933    24.9491     62.147    162.712     8.8168          2 0.0000e+00
       1557     63.000     8.8172  34.328227     1.8326     1.0714    89.4055 1.0000e-12    32.1975    24.9534     62.644    162.931     8.8108          2 0.0000e+00
       1559     63.500     8.8128  34.327022     1.8333     1.0787    89.5266 1.0000e-12    32.2000    24.9560     63.141    163.058     8.8063          2 0.0000e+00
       1561     64.000     8.8053  34.325528     1.8339     1.0800    89.6498 1.0000e-12    32.2050    24.9610     63.639    163.122     8.7988          2 0.0000e+00
       1563     64.500     8.7964  34.324339     1.8352     1.0717    89.5466 1.0000e-12    32.2117    24.9677     64.136    163.271     8.7898          1 0.0000e+00
       1565     65.000     8.7930  34.324243     1.8345     1.0815    89.3990 1.0000e-12    32.2145    24.9704     64.632    163.221     8.7864          2 0.0000e+00
       1567     65.500     8.7912  34.324616     1.8352     1.0886    89.2025 1.0000e-12    32.2162    24.9720     65.130    163.273     8.7845          2 0.0000e+00
       1568     66.000     8.7875  34.325186     1.8363     1.0885    88.9341 1.0000e-12    32.2200    24.9755     65.627    163.418     8.7808          2 0.0000e+00
       1570     66.500     8.7850  34.325134     1.8359     1.0811    88.7709 1.0000e-12    32.2219    24.9774     66.124    163.337     8.7783          2 0.0000e+00
       1572     67.000     8.7841  34.325311     1.8363     1.0800    88.6410 1.0000e-12    32.2228    24.9783     66.621    163.391     8.7772          2 0.0000e+00
       1574     67.500     8.7828  34.325408     1.8364     1.0718    88.4472 1.0000e-12    32.2238    24.9793     67.118    163.419     8.7760          1 0.0000e+00
       1576     68.000     8.7819  34.325754     1.8371     1.0814    88.3140 1.0000e-12    32.2248    24.9802     67.615    163.428     8.7750          2 0.0000e+00
       1578     68.500     8.7810  34.326010     1.8364     1.0888    88.2207 1.0000e-12    32.2256    24.9810     68.112    163.309     8.7740          2 0.0000e+00
       1579     69.000     8.7805  34.326297     1.8364     1.0885    88.2246 1.0000e-12    32.2261    24.9815     68.609    163.222     8.7735          2 0.0000e+00
       1581     69.500     8.7789  34.326635     1.8359     1.0742    88.1908 1.0000e-12    32.2277    24.9829     69.106    163.163     8.7719          2 0.0000e+00
       1583     70.000     8.7779  34.326870     1.8352     1.0714    88.1443 1.0000e-12    32.2287    24.9839     69.604    163.037     8.7708          1 0.0000e+00
       1585     70.500     8.7778  34.326858     1.8352     1.0922    88.0624 1.0000e-12    32.2285    24.9838     70.100    163.063     8.7706          2 0.0000e+00
       1587     71.000     8.7777  34.327219     1.8339     1.0698    88.0329 1.0000e-12    32.2288    24.9840     70.598    162.876     8.7704          2 0.0000e+00
       1589     71.500     8.7777  34.327353     1.8340     1.0892    87.8547 1.0000e-12    32.2287    24.9839     71.095    162.811     8.7704          2 0.0000e+00
       1590     72.000     8.7776  34.327588     1.8321     1.0885    87.9281 1.0000e-12    32.2288    24.9841     71.592    162.545     8.7702          2 0.0000e+00
       1592     72.500     8.7763  34.328693     1.8316     1.0963    87.8677 1.0000e-12    32.2309    24.9859     72.089    162.366     8.7689          2 0.0000e+00
       1594     73.000     8.7755  34.329363     1.8300     1.0829    87.8841 1.0000e-12    32.2322    24.9870     72.586    162.159     8.7680          2 0.0000e+00
       1596     73.500     8.7753  34.329714     1.8278     1.0883    87.9019 1.0000e-12    32.2324    24.9873     73.083    161.800     8.7678          1 0.0000e+00
       1598     74.000     8.7748  34.330509     1.8271     1.0885    87.8531 1.0000e-12    32.2336    24.9883     73.581    161.700     8.7672          2 0.0000e+00
       1600     74.500     8.7743  34.331486     1.8246     1.0791    87.8325 1.0000e-12    32.2347    24.9892     74.077    161.405     8.7667          2 0.0000e+00
       1602     75.000     8.7731  34.332542     1.8229     1.0800    87.7520 1.0000e-12    32.2367    24.9910     74.574    161.166     8.7655          2 0.0000e+00
       1603     75.500     8.7695  34.333740     1.8211     1.0883    87.6759 1.0000e-12    32.2410    24.9948     75.072    160.897     8.7618          2 0.0000e+00
       1605     76.000     8.7666  34.334514     1.8189     1.0885    87.6615 1.0000e-12    32.2443    24.9978     75.569    160.669     8.7589          2 0.0000e+00
       1607     76.500     8.7634  34.335485     1.8161     1.0813    87.5814 1.0000e-12    32.2479    25.0012     76.066    160.416     8.7556          2 0.0000e+00
       1609     77.000     8.7612  34.336415     1.8156     1.0885    87.3920 1.0000e-12    32.2507    25.0038     76.563    160.470     8.7533          1 0.0000e+00
       1611     77.500     8.7604  34.336807     1.8134     1.0885    87.2786 1.0000e-12    32.2515    25.0046     77.059    160.412     8.7525          2 0.0000e+00
       1613     78.000     8.7603  34.337119     1.8119     1.0885    87.1830 1.0000e-12    32.2517    25.0047     77.557    160.264     8.7524          2 0.0000e+00
       1614     78.500     8.7603  34.337147     1.8120     1.0885    87.1901 1.0000e-12    32.2517    25.0047     78.054    160.329     8.7523          2 0.0000e+00
       1616     79.000     8.7602  34.337530     1.8108     1.0885    87.1150 1.0000e-12    32.2519    25.0049     78.551    160.187     8.7521          2 0.0000e+00
       1618     79.500     8.7599  34.337676     1.8096     1.0885    87.0853 1.0000e-12    32.2521    25.0051     79.048    160.036     8.7518          2 0.0000e+00
       1620     80.000     8.7587  34.337738     1.8084     1.0734    87.1657 1.0000e-12    32.2529    25.0059     79.545    159.928     8.7506          2 0.0000e+00
       1622     80.500     8.7584  34.337587     1.8078     1.0863    87.1532 1.0000e-12    32.2529    25.0059     80.042    159.854     8.7502          2 0.0000e+00
       1624     81.000     8.7584  34.337701     1.8067     1.0960    87.1028 1.0000e-12    32.2528    25.0059     80.539    159.716     8.7501          2 0.0000e+00
       1626     81.500     8.7581  34.337960     1.8054     1.0895    87.1078 1.0000e-12    32.2531    25.0062     81.036    159.554     8.7498          2 0.0000e+00
       1628     82.000     8.7581  34.338143     1.8047     1.0885    87.1451 1.0000e-12    32.2531    25.0062     81.533    159.476     8.7497          2 0.0000e+00
       1630     82.500     8.7564  34.338790     1.8030     1.0960    87.1735 1.0000e-12    32.2551    25.0080     82.030    159.301     8.7480          2 0.0000e+00
       1632     83.000     8.7555  34.339117     1.8023     1.0970    87.1650 1.0000e-12    32.2560    25.0089     82.527    159.211     8.7470          2 0.0000e+00
       1634     83.500     8.7549  34.339214     1.8012     1.0899    87.0843 1.0000e-12    32.2564    25.0093     83.024    159.084     8.7464          2 0.0000e+00
       1636     84.000     8.7548  34.339261     1.8000     1.0885    87.0584 1.0000e-12    32.2563    25.0092     83.522    158.820     8.7463          2 0.0000e+00
       1638     84.500     8.7547  34.339556     1.7985     1.0885    87.0419 1.0000e-12    32.2565    25.0094     84.019    158.503     8.7461          1 0.0000e+00
       1640     85.000     8.7549  34.340069     1.7962     1.0885    87.1289 1.0000e-12    32.2566    25.0095     84.516    158.004     8.7462          2 0.0000e+00
       1642     85.500     8.7534  34.340624     1.7938     1.1084    87.0626 1.0000e-12    32.2584    25.0111     85.012    157.543     8.7447          2 0.0000e+00
       1644     86.000     8.7503  34.341170     1.7901     1.0959    87.0540 1.0000e-12    32.2615    25.0141     85.510    156.996     8.7415          2 0.0000e+00
       1646     86.500     8.7499  34.341558     1.7866     1.1063    87.0122 1.0000e-12    32.2621    25.0145     86.007    156.485     8.7411          2 0.0000e+00
       1648     87.000     8.7496  34.341834     1.7832     1.1143    86.9330 1.0000e-12    32.2624    25.0148     86.504    155.977     8.7407          2 0.0000e+00
       1649     87.500     8.7474  34.342749     1.7792     1.0898    86.8071 1.0000e-12    32.2652    25.0174     87.001    155.346     8.7385          2 0.0000e+00
       1651     88.000     8.7389  34.343636     1.7747     1.0885    86.8239 1.0000e-12    32.2736    25.0252     87.498    154.627     8.7300          2 0.0000e+00
       1653     88.500     8.7329  34.345226     1.7703     1.0885    86.7450 1.0000e-12    32.2805    25.0316     87.995    154.016     8.7239          1 0.0000e+00
       1655     89.000     8.7290  34.347218     1.7648     1.0985    86.6998 1.0000e-12    32.2859    25.0364     88.492    153.304     8.7200          2 0.0000e+00
       1656     89.500     8.7285  34.347586     1.7602     1.1054    86.6020 1.0000e-12    32.2866    25.0370     88.989    152.800     8.7194          2 0.0000e+00
       1658     90.000     8.7274  34.348045     1.7555     1.1127    86.5091 1.0000e-12    32.2877    25.0381     89.486    152.327     8.7183          2 0.0000e+00
       1660     90.500     8.7247  34.348872     1.7511     1.1061    86.4027 1.0000e-12    32.2908    25.0409     89.983    151.942     8.7155          1 0.0000e+00
       1662     91.000     8.7177  34.350527     1.7468     1.1056    86.4425 1.0000e-12    32.2988    25.0482     90.480    151.563     8.7085          2 0.0000e+00
       1663     91.500     8.7096  34.351422     1.7431     1.1139    86.3725 1.0000e-12    32.3069    25.0558     90.977    151.223     8.7003          2 0.0000e+00
       1665     92.000     8.7035  34.351241     1.7398     1.1216    86.3116 1.0000e-12    32.3120    25.0607     91.474    150.871     8.6941          2 0.0000e+00
       1667     92.500     8.6988  34.349162     1.7353     1.1227    86.1817 1.0000e-12    32.3140    25.0630     91.971    150.287     8.6894          2 0.0000e+00
       1669     93.000     8.6891  34.343044     1.7312     1.1227    86.0440 1.0000e-12    32.3162    25.0662     92.468    149.751     8.6796          1 0.0000e+00
       1671     93.500     8.6729  34.333807     1.7267     1.1227    85.9445 1.0000e-12    32.3211    25.0725     92.965    149.319     8.6634          2 0.0000e+00
       1673     94.000     8.6526  34.323012     1.7221     1.1324    85.9063 1.0000e-12    32.3281    25.0811     93.463    148.872     8.6431          2 0.0000e+00
       1675     94.500     8.6492  34.322165     1.7189     1.1313    85.7712 1.0000e-12    32.3301    25.0832     93.959    148.662     8.6396          2 0.0000e+00
       1676     95.000     8.6455  34.321827     1.7149     1.1483    85.6725 1.0000e-12    32.3328    25.0859     94.457    148.217     8.6359          2 0.0000e+00
       1678     95.500     8.6467  34.327224     1.7120     1.1324    85.6468 1.0000e-12    32.3372    25.0891     94.953    147.818     8.6370          2 0.0000e+00
       1680     96.000     8.6508  34.332326     1.7075     1.1536    85.5983 1.0000e-12    32.3386    25.0897     95.450    147.186     8.6410          2 0.0000e+00
       1682     96.500     8.6530  34.334918     1.7044     1.1389    85.5913 1.0000e-12    32.3391    25.0897     95.948    146.766     8.6432          1 0.0000e+00
