CTD-bamfield-project/Raw/bam221005.cnv
* Sea-Bird SBE25 Data File:
* FileName = C:\Users\Winkler\Documents\CTD data\Bamfield 2022\hex\bam221005.hex
* Software Version 1.59
* Temperature SN = 4194
* Conductivity SN = 2155
* System UpLoad Time = Feb 25 2022 14:04:32
* ds
* SBE 25 CTD  V 4.1b SN 0363   02/25/22  14:49:14.542
# nquan = 15
# nvalues = 284                         
# units = specified
# name 0 = scan: Scan Count
# name 1 = prSM: Pressure, Strain Gauge [db]
# name 2 = t090C: Temperature [ITS-90, deg C]
# name 3 = c0mS/cm: Conductivity [mS/cm]
# name 4 = sbeox0V: Oxygen raw, SBE 43 [V]
# name 5 = wetStar: Fluorescence, WET Labs WETstar [mg/m^3]
# name 6 = xmiss: Beam Transmission, Chelsea/Seatech [%]
# name 7 = par: PAR/Irradiance, Biospherical/Licor
# name 8 = sal00: Salinity, Practical [PSU]
# name 9 = sigma-é00: Density [sigma-theta, kg/m^3]
# name 10 = depSM: Depth [salt water, m], lat = 0
# name 11 = sbox0Mm/Kg: Oxygen, SBE 43 [umol/kg], WS = 2
# name 12 = potemp090C: Potential Temperature [ITS-90, deg C]
# name 13 = nbin: number of scans per bin
# name 14 = flag: flag
# span 0 =        663,       2560       
# span 1 =      1.000,    142.500       
# span 2 =     7.5514,     9.3648       
# span 3 =  28.961575,  34.689535       
# span 4 =     0.7473,     2.3602       
# span 5 =     1.0475,     2.9980       
# span 6 =    84.8312,    93.8844       
# span 7 = 1.0000e-12, 9.7933e+02       
# span 8 =    27.6790,    32.7047       
# span 9 =    21.5889,    25.3795       
# span 10 =      0.994,    141.668      
# span 11 =     32.387,    237.068      
# span 12 =     7.5512,     9.3641      
# span 13 =          1,        423      
# span 14 = 0.0000e+00, 0.0000e+00      
# interval = decibars: 0.5              
# start_time = Feb 24 2022 11:30:13 [Instrument's time stamp, header]
# bad_flag = -9.990e-29
*END*
[from data line 193]
       1686     97.500     8.6547  34.336222     1.6960     1.1227    85.5341 1.0000e-12    32.3385    25.0890     96.942    145.874     8.6447          2 0.0000e+00
       1688     98.000     8.6551  34.338183     1.6920     1.1227    85.4945 1.0000e-12    32.3399    25.0900     97.439    145.407     8.6451          2 0.0000e+00
       1689     98.500     8.6622  34.347770     1.6886     1.1398    85.5241 1.0000e-12    32.3431    25.0915     97.936    144.954     8.6522          2 0.0000e+00
       1691     99.000     8.6697  34.354704     1.6846     1.1158    85.5367 1.0000e-12    32.3434    25.0905     98.433    144.449     8.6596          2 0.0000e+00
       1693     99.500     8.6716  34.357045     1.6806     1.1215    85.4447 1.0000e-12    32.3439    25.0907     98.929    144.050     8.6615          2 0.0000e+00
       1695    100.000     8.6716  34.358013     1.6762     1.1227    85.4581 1.0000e-12    32.3446    25.0913     99.427    143.675     8.6614          1 0.0000e+00
       1697    100.500     8.6700  34.358755     1.6748     1.1335    84.8312 1.0000e-12    32.3466    25.0931     99.923    143.670     8.6598          2 0.0000e+00
       1699    101.000     8.6693  34.358690     1.6718     1.1126    85.3416 1.0000e-12    32.3470    25.0935    100.421    143.546     8.6591          2 0.0000e+00
       1700    101.500     8.6684  34.358325     1.6697     1.1225    85.3487 1.0000e-12    32.3472    25.0938    100.918    143.352     8.6581          2 0.0000e+00
       1702    102.000     8.6664  34.358301     1.6686     1.1301    85.3144 1.0000e-12    32.3488    25.0954    101.414    143.381     8.6560          2 0.0000e+00
       1704    102.500     8.6658  34.360194     1.6654     1.1226    85.2410 1.0000e-12    32.3511    25.0972    101.912    143.109     8.6554          1 0.0000e+00
       1706    103.000     8.6647  34.359947     1.6661     1.1124    85.3232 1.0000e-12    32.3516    25.0978    102.408    143.316     8.6543          2 0.0000e+00
       1708    103.500     8.6616  34.358309     1.6647     1.1326    85.2801 1.0000e-12    32.3525    25.0990    102.906    143.310     8.6511          2 0.0000e+00
       1710    104.000     8.6597  34.357227     1.6641     1.1313    85.2554 1.0000e-12    32.3529    25.0996    103.402    143.333     8.6491          2 0.0000e+00
       1711    104.500     8.6576  34.356231     1.6635     1.1313    85.2554 1.0000e-12    32.3535    25.1004    103.900    143.441     8.6470          2 0.0000e+00
       1713    105.000     8.6507  34.352048     1.6640     1.1313    85.2779 1.0000e-12    32.3552    25.1028    104.397    143.381     8.6401          2 0.0000e+00
       1715    105.500     8.6409  34.345771     1.6654     1.1399    85.2958 1.0000e-12    32.3574    25.1060    104.894    143.276     8.6302          1 0.0000e+00
       1717    106.000     8.6357  34.342567     1.6616     1.1186    85.2790 1.0000e-12    32.3586    25.1077    105.390    142.317     8.6249          2 0.0000e+00
       1719    106.500     8.6337  34.340855     1.6582     1.1322    85.2374 1.0000e-12    32.3584    25.1079    105.888    141.306     8.6229          2 0.0000e+00
       1721    107.000     8.6311  34.338492     1.6536     1.1224    85.3114 1.0000e-12    32.3582    25.1081    106.385    140.273     8.6202          2 0.0000e+00
       1722    107.500     8.6250  34.334772     1.6475     1.1466    85.3842 1.0000e-12    32.3596    25.1101    106.882    138.985     8.6141          2 0.0000e+00
       1724    108.000     8.6226  34.333859     1.6401     1.1484    85.3026 1.0000e-12    32.3606    25.1113    107.379    137.718     8.6117          2 0.0000e+00
       1726    108.500     8.6221  34.335837     1.6305     1.1246    85.3196 1.0000e-12    32.3629    25.1132    107.875    136.249     8.6111          1 0.0000e+00
       1728    109.000     8.6312  34.351450     1.6231     1.1324    85.2922 1.0000e-12    32.3706    25.1179    108.373    135.140     8.6202          2 0.0000e+00
       1730    109.500     8.6417  34.362260     1.6131     1.1401    85.3235 1.0000e-12    32.3721    25.1175    108.869    133.805     8.6306          2 0.0000e+00
       1731    110.000     8.6487  34.372329     1.6027     1.1315    85.3749 1.0000e-12    32.3761    25.1195    109.367    132.374     8.6375          2 0.0000e+00
       1733    110.500     8.6546  34.380523     1.5929     1.1547    85.3764 1.0000e-12    32.3790    25.1210    109.863    131.144     8.6434          2 0.0000e+00
       1735    111.000     8.6600  34.387060     1.5822     1.1424    85.4445 1.0000e-12    32.3807    25.1214    110.360    129.838     8.6487          2 0.0000e+00
       1737    111.500     8.6608  34.390606     1.5724     1.1225    85.4841 1.0000e-12    32.3834    25.1234    110.858    128.678     8.6495          1 0.0000e+00
       1739    112.000     8.6673  34.398624     1.5631     1.1328    85.4521 1.0000e-12    32.3856    25.1242    111.354    127.759     8.6559          2 0.0000e+00
       1741    112.500     8.6698  34.402975     1.5541     1.1226    85.4028 1.0000e-12    32.3877    25.1255    111.851    126.930     8.6583          2 0.0000e+00
       1742    113.000     8.6794  34.414966     1.5467     1.1152    85.4149 1.0000e-12    32.3912    25.1268    112.348    126.284     8.6679          2 0.0000e+00
       1744    113.500     8.6871  34.422904     1.5396     1.1392    85.4035 1.0000e-12    32.3923    25.1264    112.845    125.580     8.6755          1 0.0000e+00
       1746    114.000     8.6902  34.429540     1.5332     1.1106    85.3266 1.0000e-12    32.3961    25.1290    113.343    124.884     8.6786          2 0.0000e+00
       1747    114.500     8.6934  34.434012     1.5256     1.1226    85.3360 1.0000e-12    32.3977    25.1297    113.839    124.047     8.6817          2 0.0000e+00
       1749    115.000     8.6947  34.436064     1.5192     1.1154    85.2446 1.0000e-12    32.3984    25.1301    114.336    123.365     8.6829          2 0.0000e+00
       1751    115.500     8.6961  34.437444     1.5130     1.1062    85.2907 1.0000e-12    32.3983    25.1298    114.833    122.747     8.6843          1 0.0000e+00
       1753    116.000     8.6945  34.436554     1.5076     1.1322    85.2121 1.0000e-12    32.3986    25.1303    115.330    122.316     8.6827          2 0.0000e+00
       1754    116.500     8.6957  34.439765     1.5020     1.1166    85.1806 1.0000e-12    32.4006    25.1318    115.828    121.833     8.6838          2 0.0000e+00
       1756    117.000     8.6993  34.444065     1.4983     1.1064    85.1135 1.0000e-12    32.4016    25.1320    116.324    121.524     8.6874          1 0.0000e+00
       1758    117.500     8.6979  34.446935     1.4936     1.1230    85.0802 1.0000e-12    32.4057    25.1354    116.821    121.158     8.6859          2 0.0000e+00
       1759    118.000     8.6966  34.448720     1.4895     1.1300    85.1267 1.0000e-12    32.4085    25.1378    117.318    120.641     8.6846          2 0.0000e+00
       1761    118.500     8.6960  34.450138     1.4859     1.1232    85.2361 1.0000e-12    32.4103    25.1392    117.815    120.115     8.6839          1 0.0000e+00
       1763    119.000     8.6956  34.451918     1.4811     1.1227    85.2275 1.0000e-12    32.4123    25.1409    118.312    119.561     8.6835          2 0.0000e+00
       1764    119.500     8.6964  34.453426     1.4761     1.1378    85.2998 1.0000e-12    32.4129    25.1412    118.809    118.950     8.6843          2 0.0000e+00
       1766    120.000     8.6941  34.449045     1.4725     1.1237    85.2458 1.0000e-12    32.4103    25.1396    119.306    118.669     8.6819          1 0.0000e+00
       1768    120.500     8.6769  34.435835     1.4678     1.1317    85.2984 1.0000e-12    32.4119    25.1435    119.803    118.337     8.6646          2 0.0000e+00
       1769    121.000     8.6603  34.432904     1.4652     1.1313    85.2833 1.0000e-12    32.4239    25.1554    120.300    118.226     8.6480          2 0.0000e+00
       1771    121.500     8.6528  34.437266     1.4609     1.1232    85.2695 1.0000e-12    32.4350    25.1653    120.797    117.865     8.6404          2 0.0000e+00
       1777    122.000     8.6500  34.437013     1.4532     1.1321    85.2225 1.0000e-12    32.4371    25.1673    121.294    117.334     8.6376         11 0.0000e+00
       1799    122.500     8.6507  34.437142     1.4442     1.1310    85.7384 1.0000e-12    32.4364    25.1666    121.791    116.948     8.6382         31 0.0000e+00
       1831    123.000     8.6483  34.434133     1.4438     1.1291    86.1724 1.0000e-12    32.4353    25.1661    122.288    117.082     8.6358         32 0.0000e+00
       1856    123.500     8.6470  34.433107     1.4467     1.1308    86.2264 1.0000e-12    32.4351    25.1662    122.785    117.771     8.6344         21 0.0000e+00
       1879    124.000     8.6272  34.411573     1.4684     1.1309    86.2192 1.0000e-12    32.4305    25.1656    123.282    120.710     8.6146         25 0.0000e+00
       1909    124.500     8.6191  34.403077     1.4838     1.1380    86.2619 1.0000e-12    32.4288    25.1655    123.779    122.365     8.6065         35 0.0000e+00
       1955    125.000     8.6032  34.388719     1.4977     1.1409    86.3720 1.0000e-12    32.4282    25.1674    124.276    123.863     8.5905         63 0.0000e+00
       2016    125.500     8.6021  34.387998     1.4924     1.1346    86.3612 1.0000e-12    32.4282    25.1676    124.773    121.405     8.5894         20 0.0000e+00
       2013    126.000     8.5932  34.390577     1.4517     1.1534    85.9758 1.0000e-12    32.4388    25.1772    125.270    113.219     8.5804          4 0.0000e+00
       2016    126.500     8.5833  34.399277     1.4260     1.1400    85.7955 1.0000e-12    32.4568    25.1929    125.767    110.147     8.5705          4 0.0000e+00
       2020    127.000     8.5770  34.418713     1.4023     1.1510    85.9205 1.0000e-12    32.4827    25.2141    126.263    107.515     8.5642          3 0.0000e+00
       2023    127.500     8.5720  34.429737     1.3802     1.1317    86.0060 1.0000e-12    32.4987    25.2273    126.761    105.250     8.5591          4 0.0000e+00
       2027    128.000     8.5710  34.437306     1.3603     1.1396    86.3024 1.0000e-12    32.5073    25.2343    127.257    103.051     8.5580          3 0.0000e+00
       2030    128.500     8.5668  34.438470     1.3410     1.1398    86.2386 1.0000e-12    32.5121    25.2387    127.755    100.661     8.5538          4 0.0000e+00
       2034    129.000     8.5613  34.441406     1.3210     1.1345    86.2780 1.0000e-12    32.5200    25.2458    128.251     98.111     8.5482          3 0.0000e+00
       2037    129.500     8.5530  34.443284     1.3010     1.1341    86.2239 1.0000e-12    32.5294    25.2544    128.748     95.535     8.5399          3 0.0000e+00
       2041    130.000     8.5464  34.450130     1.2784     1.1311    86.4834 1.0000e-12    32.5424    25.2655    129.245     92.399     8.5333          4 0.0000e+00
       2044    130.500     8.5440  34.458287     1.2548     1.1342    86.4135 1.0000e-12    32.5530    25.2742    129.742     88.840     8.5308          3 0.0000e+00
       2047    131.000     8.5437  34.464917     1.2267     1.1397    86.5491 1.0000e-12    32.5600    25.2797    130.239     84.639     8.5305          4 0.0000e+00
       2051    131.500     8.5387  34.473991     1.1973     1.1449    86.4129 1.0000e-12    32.5739    25.2914    130.736     80.882     8.5254          3 0.0000e+00
       2054    132.000     8.5225  34.476279     1.1681     1.1343    86.7323 1.0000e-12    32.5910    25.3073    131.233     77.692     8.5091          3 0.0000e+00
       2057    132.500     8.5196  34.499913     1.1405     1.1214    86.9268 1.0000e-12    32.6183    25.3290    131.730     74.878     8.5062          3 0.0000e+00
       2061    133.000     8.5329  34.517862     1.1163     1.1227    87.4455 1.0000e-12    32.6246    25.3320    132.227     72.228     8.5194          4 0.0000e+00
       2064    133.500     8.5362  34.523535     1.0915     1.1227    87.8806 1.0000e-12    32.6273    25.3337    132.724     69.519     8.5227          3 0.0000e+00
       2068    134.000     8.5395  34.531048     1.0691     1.1271    88.1025 1.0000e-12    32.6318    25.3367    133.220     67.448     8.5260          4 0.0000e+00
       2071    134.500     8.5468  34.544763     1.0506     1.1231    87.9872 1.0000e-12    32.6393    25.3415    133.718     66.049     8.5331          4 0.0000e+00
       2106    135.000     8.5564  34.560451     1.0038     1.1208    88.5181 1.0000e-12    32.6467    25.3458    134.215     62.403     8.5427         90 0.0000e+00
       2365    135.500     8.5748  34.587711     0.9218     1.1262    88.9010 1.0000e-12    32.6581    25.3520    134.712     53.663     8.5611        122 0.0000e+00
       2287    136.000     8.5793  34.597145     0.9086     1.1101    88.3724 1.0000e-12    32.6635    25.3556    135.208     48.496     8.5655          4 0.0000e+00
       2291    136.500     8.6058  34.629324     0.8879     1.1232    88.4425 1.0000e-12    32.6726    25.3587    135.705     45.492     8.5919          3 0.0000e+00
       2295    137.000     8.6012  34.626537     0.8678     1.1138    88.4747 1.0000e-12    32.6738    25.3603    136.202     43.020     8.5872          4 0.0000e+00
       2298    137.500     8.6087  34.641187     0.8478     1.1181    88.7999 1.0000e-12    32.6819    25.3656    136.699     40.837     8.5947          4 0.0000e+00
       2302    138.000     8.6188  34.656007     0.8293     1.1060    88.8767 1.0000e-12    32.6879    25.3687    137.196     39.032     8.6047          3 0.0000e+00
       2305    138.500     8.6275  34.667810     0.8144     1.1015    88.8955 1.0000e-12    32.6920    25.3706    137.693     37.768     8.6134          4 0.0000e+00
       2309    139.000     8.6319  34.674536     0.8026     1.1053    89.0390 1.0000e-12    32.6947    25.3721    138.190     36.998     8.6177          3 0.0000e+00
       2312    139.500     8.6338  34.677960     0.7937     1.1056    89.2481 1.0000e-12    32.6964    25.3731    138.687     36.443     8.6195          4 0.0000e+00
       2400    140.000     8.6344  34.681031     0.7686     1.1039    89.6500 1.0000e-12    32.6988    25.3749    139.184     34.552     8.6201        215 0.0000e+00
       2536    140.500     8.6379  34.689535     0.7475     1.0998    89.6550 1.0000e-12    32.7043    25.3787    139.680     32.457     8.6235          6 0.0000e+00
       2538    141.000     8.6369  34.687047     0.7485     1.1058    89.1898 1.0000e-12    32.7023    25.3773    140.177     32.569     8.6225          5 0.0000e+00
       2544    141.500     8.6364  34.687293     0.7486     1.1026    89.7579 1.0000e-12    32.7027    25.3777    140.674     32.520     8.6220          6 0.0000e+00
       2549    142.000     8.6363  34.687823     0.7479     1.1112    89.7339 1.0000e-12    32.7033    25.3782    141.171     32.387     8.6218          6 0.0000e+00
       2560    142.500     8.6354  34.688739     0.7473     1.0959    89.8101 1.0000e-12    32.7047    25.3795    141.668     32.408     8.6209          8 0.0000e+00
