CTD-bamfield-project/Raw/bam221006.cnv
* Sea-Bird SBE25 Data File:
* FileName = C:\Users\Winkler\Documents\CTD data\Bamfield 2022\hex\bam221006.hex
* Software Version 1.59
* Temperature SN = 4194
* Conductivity SN = 2155
* System UpLoad Time = Feb 25 2022 14:08:10
* ds
* SBE 25 CTD  V 4.1b SN 0363   02/25/22  14:52:50.227
# nquan = 15
# nvalues = 277                         
# units = specified
# name 0 = scan: Scan Count
# name 1 = prSM: Pressure, Strain Gauge [db]
# name 2 = t090C: Temperature [ITS-90, deg C]
# name 3 = c0mS/cm: Conductivity [mS/cm]
# name 4 = sbeox0V: Oxygen raw, SBE 43 [V]
# name 5 = wetStar: Fluorescence, WET Labs WETstar [mg/m^3]
# name 6 = xmiss: Beam Transmission, Chelsea/Seatech [%]
# name 7 = par: PAR/Irradiance, Biospherical/Licor
# name 8 = sal00: Salinity, Practical [PSU]
# name 9 = sigma-é00: Density [sigma-theta, kg/m^3]
# name 10 = depSM: Depth [salt water, m], lat = 0
# name 11 = sbox0Mm/Kg: Oxygen, SBE 43 [umol/kg], WS = 2
# name 12 = potemp090C: Potential Temperature [ITS-90, deg C]
# name 13 = nbin: number of scans per bin
# name 14 = flag: flag
# span 0 =        501,       2208       
# span 1 =      4.500,    142.500       
# span 2 =     8.5602,     9.2903       
# span 3 =  33.163951,  34.719368       
# span 4 =     0.7092,     2.1508       
# span 5 =     1.1047,     4.1073       
# span 6 =    84.8061,    94.1084       
# span 7 = 1.0000e-12, 2.7215e+02       
# span 8 =    30.7523,    32.6971       
# span 9 =    23.7557,    25.3669       
# span 10 =      4.476,    141.668      
# span 11 =     27.693,    193.464      
# span 12 =     8.5471,     9.2874      
# span 13 =          1,        347      
# span 14 = 0.0000e+00, 0.0000e+00      
# interval = decibars: 0.5              
# start_time = Feb 24 2022 13:11:24 [Instrument's time stamp, header]
# bad_flag = -9.990e-29
*END*
[from data line 97]
        958     53.000     8.9859  34.397806     1.7809     1.1100    91.6181 1.7797e-01    32.1215    24.8678     52.702    156.499     8.9804          4 0.0000e+00
        961     53.500     8.9870  34.401274     1.7869     1.1054    91.5822 1.6194e-01    32.1239    24.8695     53.199    157.553     8.9815          3 0.0000e+00
        965     54.000     8.9634  34.384331     1.7919     1.1100    91.5696 1.4845e-01    32.1274    24.8759     53.696    157.939     8.9578          4 0.0000e+00
        968     54.500     8.9372  34.367424     1.7949     1.1228    91.5024 1.3539e-01    32.1333    24.8847     54.193    157.891     8.9316          3 0.0000e+00
        971     55.000     8.9217  34.358124     1.7949     1.1185    91.4299 1.2393e-01    32.1374    24.8902     54.691    157.603     8.9161          4 0.0000e+00
        975     55.500     8.9015  34.354478     1.7941     1.1225    91.3110 1.0764e-01    32.1518    24.9045     55.188    157.577     8.8958          3 0.0000e+00
        978     56.000     8.8895  34.356537     1.7940     1.1171    91.3058 9.7819e-02    32.1645    24.9164     55.685    157.710     8.8837          3 0.0000e+00
        981     56.500     8.8888  34.357448     1.7949     1.1229    91.0664 8.1767e-02    32.1659    24.9176     56.182    157.766     8.8830          2 0.0000e+00
        983     57.000     8.8883  34.357666     1.7934     1.1129    90.9962 7.4175e-02    32.1664    24.9181     56.679    157.538     8.8824          2 0.0000e+00
        985     57.500     8.8871  34.356638     1.7943     1.1142    90.9311 5.2670e-02    32.1661    24.9181     57.176    157.760     8.8812          2 0.0000e+00
        987     58.000     8.8836  34.354424     1.7936     1.1055    90.8568 3.9226e-02    32.1668    24.9191     57.673    157.874     8.8776          2 0.0000e+00
        988     58.500     8.8819  34.353916     1.7948     1.1133    90.8580 3.2182e-02    32.1676    24.9200     58.170    158.077     8.8759          2 0.0000e+00
        990     59.000     8.8807  34.353525     1.7959     1.1210    90.7604 2.8206e-02    32.1681    24.9206     58.668    158.349     8.8746          2 0.0000e+00
        992     59.500     8.8785  34.353022     1.7961     1.1065    90.7752 1.4494e-02    32.1692    24.9218     59.164    158.435     8.8724          1 0.0000e+00
        994     60.000     8.8760  34.352330     1.7981     1.1250    90.7926 1.1057e-02    32.1705    24.9233     59.662    158.726     8.8699          2 0.0000e+00
        995     60.500     8.8735  34.351729     1.7991     1.1060    90.7513 2.4017e-04    32.1720    24.9248     60.159    158.933     8.8673          2 0.0000e+00
        997     61.000     8.8685  34.350029     1.8002     1.1205    90.7972 1.0000e-12    32.1745    24.9275     60.656    159.097     8.8623          2 0.0000e+00
        999     61.500     8.8610  34.346662     1.8022     1.1227    90.7773 1.0000e-12    32.1776    24.9311     61.153    159.400     8.8547          1 0.0000e+00
       1001     62.000     8.8516  34.342063     1.8029     1.1227    90.7616 1.0000e-12    32.1811    24.9353     61.650    159.521     8.8453          2 0.0000e+00
       1003     62.500     8.8416  34.338790     1.8046     1.1314    90.5720 1.0000e-12    32.1866    24.9411     62.147    159.637     8.8352          2 0.0000e+00
       1004     63.000     8.8339  34.337182     1.8058     1.1233    90.5255 1.0000e-12    32.1916    24.9462     62.644    159.660     8.8275          2 0.0000e+00
       1006     63.500     8.8281  34.336222     1.8059     1.1154    90.3614 1.0000e-12    32.1957    24.9503     63.141    159.454     8.8216          2 0.0000e+00
       1008     64.000     8.8240  34.335945     1.8059     1.1228    90.2118 1.0000e-12    32.1989    24.9535     63.639    159.176     8.8175          1 0.0000e+00
       1010     64.500     8.8224  34.336061     1.8051     1.1127    90.0406 1.0000e-12    32.2002    24.9547     64.135    158.857     8.8158          2 0.0000e+00
       1011     65.000     8.8223  34.336483     1.8029     1.1308    89.9082 1.0000e-12    32.2006    24.9551     64.633    158.415     8.8156          2 0.0000e+00
       1013     65.500     8.8214  34.336902     1.8008     1.1313    89.8929 1.0000e-12    32.2016    24.9560     65.130    158.092     8.8147          2 0.0000e+00
       1015     66.000     8.8181  34.336762     1.7986     1.1234    89.7917 1.0000e-12    32.2043    24.9586     65.627    157.771     8.8113          1 0.0000e+00
       1017     66.500     8.8106  34.336097     1.7972     1.1319    89.7831 1.0000e-12    32.2102    24.9643     66.124    157.541     8.8038          2 0.0000e+00
       1018     67.000     8.8063  34.337936     1.7938     1.1231    89.6672 1.0000e-12    32.2157    24.9694     66.621    157.103     8.7995          2 0.0000e+00
       1020     67.500     8.8050  34.343004     1.7909     1.1227    89.5544 1.0000e-12    32.2220    24.9745     67.118    156.813     8.7981          2 0.0000e+00
       1022     68.000     8.8037  34.346699     1.7886     1.1365    89.4327 1.0000e-12    32.2267    24.9784     67.615    156.772     8.7968          2 0.0000e+00
       1024     68.500     8.7992  34.346774     1.7864     1.1239    89.4818 1.0000e-12    32.2307    24.9822     68.112    156.785     8.7922          1 0.0000e+00
       1026     69.000     8.7938  34.345669     1.7863     1.1319    89.4875 1.0000e-12    32.2342    24.9858     68.610    157.051     8.7867          2 0.0000e+00
       1027     69.500     8.7903  34.346795     1.7858     1.1313    89.3419 1.0000e-12    32.2384    24.9896     69.106    157.119     8.7832          2 0.0000e+00
       1029     70.000     8.7901  34.348824     1.7863     1.1400    89.1895 1.0000e-12    32.2404    24.9912     69.604    157.207     8.7829          1 0.0000e+00
       1031     70.500     8.7902  34.350129     1.7856     1.1398    89.0959 1.0000e-12    32.2416    24.9921     70.100    157.011     8.7830          2 0.0000e+00
       1033     71.000     8.7903  34.351481     1.7851     1.1398    89.0568 1.0000e-12    32.2426    24.9929     70.598    156.781     8.7831          2 0.0000e+00
       1034     71.500     8.7874  34.349392     1.7835     1.1251    89.0229 1.0000e-12    32.2428    24.9935     71.095    156.498     8.7801          2 0.0000e+00
       1036     72.000     8.7835  34.347045     1.7826     1.1386    88.9550 1.0000e-12    32.2437    24.9948     71.592    156.337     8.7761          1 0.0000e+00
       1038     72.500     8.7813  34.346163     1.7808     1.1485    88.6895 1.0000e-12    32.2446    24.9958     72.089    156.067     8.7739          2 0.0000e+00
       1039     73.000     8.7801  34.345859     1.7788     1.1390    88.3847 1.0000e-12    32.2452    24.9965     72.586    155.741     8.7727          1 0.0000e+00
       1041     73.500     8.7794  34.347768     1.7783     1.1599    88.3021 1.0000e-12    32.2475    24.9985     73.084    155.580     8.7719          2 0.0000e+00
       1042     74.000     8.7805  34.351271     1.7748     1.1486    88.2532 1.0000e-12    32.2500    25.0002     73.580    155.118     8.7729          2 0.0000e+00
       1044     74.500     8.7803  34.352028     1.7727     1.1412    88.2739 1.0000e-12    32.2507    25.0008     74.078    154.857     8.7727          2 0.0000e+00
       1046     75.000     8.7785  34.352372     1.7705     1.1398    88.3280 1.0000e-12    32.2525    25.0025     74.574    154.734     8.7709          1 0.0000e+00
       1048     75.500     8.7773  34.353597     1.7684     1.1398    88.2591 1.0000e-12    32.2546    25.0044     75.072    154.559     8.7696          2 0.0000e+00
       1049     76.000     8.7764  34.355276     1.7669     1.1238    88.1642 1.0000e-12    32.2570    25.0064     75.569    154.551     8.7686          2 0.0000e+00
       1051     76.500     8.7744  34.357749     1.7654     1.1227    88.0287 1.0000e-12    32.2611    25.0099     76.066    154.485     8.7666          1 0.0000e+00
       1053     77.000     8.7727  34.359014     1.7648     1.1227    88.0206 1.0000e-12    32.2637    25.0122     76.562    154.576     8.7649          2 0.0000e+00
       1054     77.500     8.7723  34.359440     1.7637     1.1475    87.8931 1.0000e-12    32.2644    25.0128     77.060    154.448     8.7644          2 0.0000e+00
       1056     78.000     8.7721  34.359753     1.7643     1.1393    87.8179 1.0000e-12    32.2646    25.0130     77.557    154.562     8.7641          1 0.0000e+00
       1058     78.500     8.7719  34.360264     1.7622     1.1300    87.7288 1.0000e-12    32.2651    25.0135     78.054    154.261     8.7639          2 0.0000e+00
       1059     79.000     8.7716  34.360418     1.7619     1.1394    87.7281 1.0000e-12    32.2653    25.0137     78.551    154.388     8.7635          2 0.0000e+00
       1061     79.500     8.7712  34.360810     1.7606     1.1398    87.7707 1.0000e-12    32.2659    25.0142     79.048    154.537     8.7631          1 0.0000e+00
       1063     80.000     8.7710  34.361519     1.7614     1.1091    87.6875 1.0000e-12    32.2666    25.0148     79.545    154.849     8.7629          2 0.0000e+00
       1065     80.500     8.7703  34.361156     1.7637     1.1227    87.7141 1.0000e-12    32.2667    25.0149     80.042    155.261     8.7621          2 0.0000e+00
       1066     81.000     8.7700  34.361567     1.7642     1.1227    87.6445 1.0000e-12    32.2671    25.0153     80.539    155.195     8.7618          2 0.0000e+00
       1068     81.500     8.7690  34.362299     1.7655     1.1393    87.5813 1.0000e-12    32.2686    25.0166     81.036    155.086     8.7607          1 0.0000e+00
       1070     82.000     8.7668  34.362410     1.7648     1.1588    87.5349 1.0000e-12    32.2705    25.0184     81.533    154.817     8.7584          2 0.0000e+00
       1071     82.500     8.7645  34.361155     1.7638     1.1330    87.4517 1.0000e-12    32.2710    25.0192     82.030    154.473     8.7561          2 0.0000e+00
       1073     83.000     8.7618  34.358976     1.7631     1.1223    87.3049 1.0000e-12    32.2710    25.0196     82.528    154.215     8.7533          1 0.0000e+00
       1075     83.500     8.7569  34.356542     1.7610     1.1227    87.1218 1.0000e-12    32.2728    25.0218     83.024    153.912     8.7484          2 0.0000e+00
       1076     84.000     8.7560  34.358448     1.7589     1.1227    86.8743 1.0000e-12    32.2752    25.0238     83.522    153.752     8.7474          2 0.0000e+00
       1078     84.500     8.7559  34.361193     1.7569     1.1412    86.5914 1.0000e-12    32.2780    25.0261     84.019    153.709     8.7473          1 0.0000e+00
       1080     85.000     8.7556  34.361906     1.7570     1.1500    86.7242 1.0000e-12    32.2788    25.0267     84.515    153.845     8.7469          2 0.0000e+00
       1081     85.500     8.7549  34.362790     1.7570     1.1484    86.7851 1.0000e-12    32.2802    25.0279     85.013    153.886     8.7462          2 0.0000e+00
       1083     86.000     8.7528  34.363556     1.7557     1.1391    86.8017 1.0000e-12    32.2826    25.0302     85.510    153.672     8.7440          1 0.0000e+00
       1085     86.500     8.7506  34.363215     1.7543     1.1398    87.0327 1.0000e-12    32.2841    25.0316     86.007    153.461     8.7418          2 0.0000e+00
       1087     87.000     8.7467  34.360799     1.7539     1.1487    87.1559 1.0000e-12    32.2848    25.0329     86.504    153.475     8.7378          2 0.0000e+00
       1088     87.500     8.7413  34.357436     1.7528     1.1484    87.0652 1.0000e-12    32.2860    25.0346     87.001    153.396     8.7324          2 0.0000e+00
       1090     88.000     8.7359  34.353794     1.7521     1.1570    86.8791 1.0000e-12    32.2869    25.0361     87.498    153.365     8.7269          1 0.0000e+00
       1092     88.500     8.7279  34.348751     1.7514     1.1472    86.6681 1.0000e-12    32.2887    25.0388     87.995    153.396     8.7189          2 0.0000e+00
       1093     89.000     8.7175  34.345797     1.7509     1.1563    86.5175 1.0000e-12    32.2949    25.0452     88.492    153.389     8.7084          2 0.0000e+00
       1095     89.500     8.7116  34.347183     1.7509     1.1744    86.2027 1.0000e-12    32.3015    25.0513     88.989    153.376     8.7025          1 0.0000e+00
       1097     90.000     8.7088  34.347362     1.7495     1.1838    85.9940 1.0000e-12    32.3040    25.0537     89.486    153.198     8.6996          2 0.0000e+00
       1098     90.500     8.7047  34.345285     1.7491     1.1492    85.9296 1.0000e-12    32.3054    25.0554     89.983    153.085     8.6955          2 0.0000e+00
       1100     91.000     8.7001  34.342878     1.7480     1.1630    85.8580 1.0000e-12    32.3068    25.0572     90.480    152.882     8.6908          2 0.0000e+00
       1102     91.500     8.6970  34.342889     1.7472     1.1571    85.7807 1.0000e-12    32.3095    25.0597     90.977    152.606     8.6877          1 0.0000e+00
       1104     92.000     8.6964  34.342327     1.7452     1.1763    85.7033 1.0000e-12    32.3092    25.0596     91.474    152.161     8.6871          2 0.0000e+00
       1105     92.500     8.6899  34.335748     1.7425     1.1740    85.7376 1.0000e-12    32.3080    25.0597     91.971    151.651     8.6805          2 0.0000e+00
       1107     93.000     8.6825  34.331477     1.7398     1.1562    85.6971 1.0000e-12    32.3101    25.0624     92.468    151.221     8.6731          1 0.0000e+00
       1109     93.500     8.6806  34.332481     1.7365     1.1473    85.5487 1.0000e-12    32.3127    25.0648     92.966    150.741     8.6711          2 0.0000e+00
       1110     94.000     8.6804  34.335460     1.7336     1.1866    85.5044 1.0000e-12    32.3158    25.0672     93.462    150.329     8.6708          2 0.0000e+00
       1112     94.500     8.6818  34.339339     1.7303     1.1588    85.4845 1.0000e-12    32.3183    25.0690     93.959    149.893     8.6722          1 0.0000e+00
       1114     95.000     8.6850  34.343901     1.7263     1.1480    85.4838 1.0000e-12    32.3199    25.0697     94.456    149.442     8.6754          2 0.0000e+00
       1115     95.500     8.6872  34.348459     1.7233     1.1558    85.4488 1.0000e-12    32.3224    25.0714     94.953    149.158     8.6775          2 0.0000e+00
       1117     96.000     8.6884  34.351083     1.7204     1.1730    85.4815 1.0000e-12    32.3238    25.0724     95.450    148.952     8.6787          1 0.0000e+00
       1119     96.500     8.6887  34.352181     1.7177     1.1558    85.4266 1.0000e-12    32.3245    25.0729     95.947    148.687     8.6789          2 0.0000e+00
       1120     97.000     8.6881  34.352804     1.7151     1.1569    85.4667 1.0000e-12    32.3254    25.0737     96.444    148.503     8.6783          2 0.0000e+00
       1122     97.500     8.6873  34.353635     1.7117     1.1569    85.5123 1.0000e-12    32.3269    25.0749     96.942    148.129     8.6774          1 0.0000e+00
       1124     98.000     8.6872  34.354279     1.7111     1.1672    85.5431 1.0000e-12    32.3273    25.0753     97.438    147.958     8.6773          2 0.0000e+00
       1126     98.500     8.6873  34.354433     1.7081     1.1654    85.6754 1.0000e-12    32.3272    25.0752     97.935    147.257     8.6772          2 0.0000e+00
       1127     99.000     8.6864  34.354327     1.7038     1.1654    85.6601 1.0000e-12    32.3277    25.0758     98.432    146.250     8.6763          2 0.0000e+00
       1129     99.500     8.6853  34.354036     1.6986     1.1573    85.6712 1.0000e-12    32.3282    25.0763     98.929    145.188     8.6752          1 0.0000e+00
       1131    100.000     8.6834  34.352767     1.6927     1.1569    85.5606 1.0000e-12    32.3284    25.0767     99.427    144.320     8.6732          2 0.0000e+00
